0.00,0.00
0.01,0.00
0.02,0.00
0.03,0.00
0.04,0.00
0.05,0.00
0.06,0.00
0.07,0.00
0.08,0.00
0.09,0.00
0.10,0.00
0.11,0.00
0.12,0.00
0.13,0.00
0.14,0.00
0.15,0.00
0.16,0.00
0.17,0.00
0.18,0.00
0.19,0.00
0.20,0.00
0.21,-0.00
0.22,-0.00
0.23,-0.01
0.24,-0.01
0.25,-0.01
0.26,-0.01
0.27,-0.00
0.28,0.00
0.29,0.01
0.30,0.01
0.31,0.01
0.32,0.00
0.33,-0.00
0.34,-0.01
0.35,-0.01
0.36,-0.00
0.37,0.00
0.38,0.01
0.39,0.01
0.40,0.02
0.41,0.02
0.42,0.02
0.43,0.02
0.44,0.02
0.45,0.02
0.46,0.02
0.47,0.02
0.48,0.03
0.49,0.03
0.50,0.03
0.51,0.03
0.52,0.03
0.53,0.02
0.54,0.02
0.55,0.02
0.56,0.02
0.57,0.01
0.58,0.01
0.59,0.00
0.60,0.00
0.61,0.00
0.62,0.00
0.63,0.00
0.64,0.00
0.65,0.00
0.66,-0.00
0.67,-0.00
0.68,-0.01
0.69,-0.01
0.70,-0.01
0.71,-0.01
0.72,-0.01
0.73,-0.01
0.74,-0.01
0.75,-0.01
0.76,-0.02
0.77,-0.02
0.78,-0.03
0.79,-0.03
0.80,-0.04
0.81,-0.03
0.82,-0.02
0.83,-0.02
0.84,-0.01
0.85,0.00
0.86,0.00
0.87,0.00
0.88,0.00
0.89,0.00
0.90,0.00
0.91,0.00
0.92,0.00
0.93,0.01
0.94,0.01
0.95,0.01
0.96,-0.01
0.97,-0.03
0.98,-0.04
0.99,-0.06
1.00,-0.08
1.01,-0.07
1.02,-0.06
1.03,-0.06
1.04,-0.05
1.05,-0.04
1.06,-0.03
1.07,-0.02
1.08,-0.01
1.09,0.00
1.10,0.01
1.11,0.00
1.12,-0.01
1.13,-0.01
1.14,-0.02
1.15,-0.03
1.16,-0.02
1.17,-0.01
1.18,-0.01
1.19,0.00
1.20,0.01
1.21,0.01
1.22,0.01
1.23,0.01
1.24,0.01
1.25,0.01
1.26,0.00
1.27,-0.01
1.28,-0.01
1.29,-0.02
1.30,-0.03
1.31,-0.03
1.32,-0.03
1.33,-0.04
1.34,-0.04
1.35,-0.04
1.36,-0.02
1.37,-0.00
1.38,0.01
1.39,0.03
1.40,0.05
1.41,0.05
1.42,0.05
1.43,0.06
1.44,0.06
1.45,0.06
1.46,0.06
1.47,0.06
1.48,0.05
1.49,0.05
1.50,0.05
1.51,0.04
1.52,0.03
1.53,0.03
1.54,0.02
1.55,0.01
1.56,0.01
1.57,0.00
1.58,-0.00
1.59,-0.01
1.60,-0.01
1.61,-0.01
1.62,-0.00
1.63,0.00
1.64,0.01
1.65,0.01
1.66,0.01
1.67,0.00
1.68,-0.00
1.69,-0.01
1.70,-0.01
1.71,0.00
1.72,0.01
1.73,0.03
1.74,0.04
1.75,0.05
1.76,0.05
1.77,0.05
1.78,0.05
1.79,0.05
1.80,0.05
1.81,0.04
1.82,0.03
1.83,0.01
1.84,0.00
1.85,-0.01
1.86,-0.01
1.87,-0.01
1.88,-0.00
1.89,-0.00
1.90,0.00
1.91,0.00
1.92,0.00
1.93,0.01
1.94,0.01
1.95,0.01
1.96,0.01
1.97,0.01
1.98,0.00
1.99,0.00
2.00,0.00
2.01,0.00
2.02,0.00
2.03,0.00
2.04,0.00
2.05,0.00
2.06,0.00
2.07,0.00
2.08,0.00
2.09,0.00
2.10,0.00
2.11,0.00
2.12,0.00
2.13,0.00
2.14,0.00
2.15,0.00
2.16,0.00
2.17,0.00
2.18,0.00
2.19,0.00
2.20,0.00
2.21,0.00
2.22,0.00
2.23,0.00
2.24,0.00
2.25,0.00
2.26,0.00
2.27,0.01
2.28,0.01
2.29,0.02
2.30,0.02
2.31,0.02
2.32,0.03
2.33,0.03
2.34,0.04
2.35,0.04
2.36,0.03
2.37,0.01
2.38,-0.00
2.39,-0.02
2.40,-0.03
2.41,-0.03
2.42,-0.03
2.43,-0.03
2.44,-0.03
2.45,-0.03
2.46,-0.02
2.47,-0.02
2.48,-0.01
2.49,-0.01
2.50,0.00
2.51,0.00
2.52,0.00
2.53,0.00
2.54,0.00
2.55,0.00
2.56,0.00
2.57,0.00
2.58,0.00
2.59,0.00
2.60,0.00
2.61,0.00
2.62,0.00
2.63,0.00
2.64,0.00
2.65,0.00
2.66,0.00
2.67,0.00
2.68,0.00
2.69,0.00
2.70,0.00
2.71,-0.00
2.72,-0.00
2.73,-0.01
2.74,-0.01
2.75,-0.01
2.76,-0.01
2.77,-0.01
2.78,-0.00
2.79,-0.00
2.80,0.00
2.81,-0.01
2.82,-0.02
2.83,-0.04
2.84,-0.05
2.85,-0.06
2.86,-0.05
2.87,-0.05
2.88,-0.04
2.89,-0.04
2.90,-0.03
2.91,-0.02
2.92,-0.02
2.93,-0.01
2.94,-0.01
2.95,0.00
2.96,0.00
2.97,0.00
2.98,0.00
2.99,0.00
3.00,0.00
3.01,0.01
3.02,0.02
3.03,0.02
3.04,0.03
3.05,0.04
3.06,0.05
3.07,0.05
3.08,0.06
3.09,0.06
3.10,0.07
3.11,0.06
3.12,0.04
3.13,0.03
3.14,0.01
3.15,0.00
3.16,0.00
3.17,0.00
3.18,0.00
3.19,0.00
3.20,0.00
3.21,0.01
3.22,0.02
3.23,0.03
3.24,0.04
3.25,0.05
3.26,0.04
3.27,0.03
3.28,0.02
3.29,0.01
3.30,0.00
3.31,0.00
3.32,0.00
3.33,0.01
3.34,0.01
3.35,0.01
3.36,-0.00
3.37,-0.02
3.38,-0.03
3.39,-0.05
3.40,-0.06
3.41,-0.05
3.42,-0.03
3.43,-0.02
3.44,-0.00
3.45,0.01
3.46,0.02
3.47,0.02
3.48,0.03
3.49,0.03
3.50,0.04
3.51,0.04
3.52,0.03
3.53,0.03
3.54,0.02
3.55,0.02
3.56,-0.01
3.57,-0.04
3.58,-0.08
3.59,-0.11
3.60,-0.14
3.61,-0.14
3.62,-0.14
3.63,-0.13
3.64,-0.13
3.65,-0.13
3.66,-0.08
3.67,-0.03
3.68,0.01
3.69,0.06
3.70,0.11
3.71,0.21
3.72,0.31
3.73,0.42
3.74,0.52
3.75,0.62
3.76,0.35
3.77,0.08
3.78,-0.20
3.79,-0.47
3.80,-0.74
3.81,-0.77
3.82,-0.80
3.83,-0.84
3.84,-0.87
3.85,-0.90
3.86,-1.01
3.87,-1.12
3.88,-1.23
3.89,-1.34
3.90,-1.45
3.91,-0.97
3.92,-0.48
3.93,0.00
3.94,0.49
3.95,0.97
3.96,1.14
3.97,1.31
3.98,1.49
3.99,1.66
4.00,1.83
4.01,1.12
4.02,0.42
4.03,-0.29
4.04,-0.99
4.05,-1.70
4.06,-1.27
4.07,-0.84
4.08,-0.41
4.09,0.02
4.10,0.45
4.11,0.68
4.12,0.91
4.13,1.14
4.14,1.37
4.15,1.60
4.16,0.60
4.17,-0.40
4.18,-1.41
4.19,-2.41
4.20,-3.41
4.21,-2.93
4.22,-2.44
4.23,-1.96
4.24,-1.47
4.25,-0.99
4.26,-0.89
4.27,-0.80
4.28,-0.70
4.29,-0.61
4.30,-0.51
4.31,0.57
4.32,1.66
4.33,2.74
4.34,3.83
4.35,4.91
4.36,4.50
4.37,4.09
4.38,3.68
4.39,3.27
4.40,2.86
4.41,2.28
4.42,1.70
4.43,1.13
4.44,0.55
4.45,-0.03
4.46,0.34
4.47,0.71
4.48,1.09
4.49,1.46
4.50,1.83
4.51,0.51
4.52,-0.81
4.53,-2.13
4.54,-3.45
4.55,-4.77
4.56,-0.07
4.57,4.63
4.58,9.34
4.59,14.04
4.60,18.74
4.61,16.22
4.62,13.70
4.63,11.17
4.64,8.65
4.65,6.13
4.66,4.51
4.67,2.89
4.68,1.26
4.69,-0.36
4.70,-1.98
4.71,-0.74
4.72,0.51
4.73,1.75
4.74,3.00
4.75,4.24
4.76,-0.14
4.77,-4.52
4.78,-8.91
4.79,-13.29
4.80,-17.67
4.81,-13.40
4.82,-9.13
4.83,-4.85
4.84,-0.58
4.85,3.69
4.86,5.05
4.87,6.41
4.88,7.78
4.89,9.14
4.90,10.50
4.91,9.87
4.92,9.24
4.93,8.62
4.94,7.99
4.95,7.36
4.96,5.71
4.97,4.05
4.98,2.40
4.99,0.74
5.00,-0.91
5.01,-2.34
5.02,-3.77
5.03,-5.20
5.04,-6.63
5.05,-8.06
5.06,-2.04
5.07,3.97
5.08,9.99
5.09,16.00
5.10,22.02
5.11,17.74
5.12,13.46
5.13,9.19
5.14,4.91
5.15,0.63
5.16,-2.67
5.17,-5.96
5.18,-9.26
5.19,-12.55
5.20,-15.85
5.21,-10.10
5.22,-4.34
5.23,1.41
5.24,7.17
5.25,12.92
5.26,15.45
5.27,17.99
5.28,20.52
5.29,23.06
5.30,25.59
5.31,19.64
5.32,13.69
5.33,7.73
5.34,1.78
5.35,-4.17
5.36,0.67
5.37,5.51
5.38,10.36
5.39,15.20
5.40,20.04
5.41,20.18
5.42,20.32
5.43,20.45
5.44,20.59
5.45,20.73
5.46,-4.25
5.47,-29.24
5.48,-54.22
5.49,-79.21
5.50,-104.19
5.51,-100.63
5.52,-97.07
5.53,-93.51
5.54,-89.95
5.55,-86.39
5.56,-42.81
5.57,0.77
5.58,44.36
5.59,87.94
5.60,131.52
5.61,117.64
5.62,103.77
5.63,89.89
5.64,76.02
5.65,62.14
5.66,35.85
5.67,9.56
5.68,-16.73
5.69,-43.02
5.70,-69.31
5.71,-42.18
5.72,-15.06
5.73,12.07
5.74,39.19
5.75,66.32
5.76,67.04
5.77,67.76
5.78,68.49
5.79,69.21
5.80,69.93
5.81,38.36
5.82,6.79
5.83,-24.79
5.84,-56.36
5.85,-87.93
5.86,-104.02
5.87,-120.10
5.88,-136.19
5.89,-152.27
5.90,-168.36
5.91,-122.76
5.92,-77.17
5.93,-31.57
5.94,14.02
5.95,59.62
5.96,60.48
5.97,61.34
5.98,62.20
5.99,63.06
6.00,63.92
6.01,53.37
6.02,42.82
6.03,32.27
6.04,21.72
6.05,11.17
6.06,23.11
6.07,35.06
6.08,47.00
6.09,58.95
6.10,70.89
6.11,38.61
6.12,6.33
6.13,-25.96
6.14,-58.24
6.15,-90.52
6.16,-101.58
6.17,-112.64
6.18,-123.70
6.19,-134.76
6.20,-145.82
6.21,-128.65
6.22,-111.48
6.23,-94.32
6.24,-77.15
6.25,-59.98
6.26,-30.84
6.27,-1.71
6.28,27.43
6.29,56.56
6.30,85.70
6.31,114.59
6.32,143.48
6.33,172.37
6.34,201.26
6.35,230.15
6.36,197.63
6.37,165.11
6.38,132.59
6.39,100.07
6.40,67.55
6.41,25.97
6.42,-15.61
6.43,-57.19
6.44,-98.77
6.45,-140.35
6.46,-104.24
6.47,-68.12
6.48,-32.01
6.49,4.11
6.50,40.22
6.51,48.18
6.52,56.13
6.53,64.09
6.54,72.04
6.55,80.00
6.56,69.60
6.57,59.21
6.58,48.81
6.59,38.42
6.60,28.02
6.61,32.64
6.62,37.26
6.63,41.87
6.64,46.49
6.65,51.11
6.66,6.32
6.67,-38.48
6.68,-83.27
6.69,-128.07
6.70,-172.86
6.71,-192.56
6.72,-212.26
6.73,-231.97
6.74,-251.67
6.75,-271.37
6.76,-194.47
6.77,-117.58
6.78,-40.68
6.79,36.21
6.80,113.11
6.81,115.80
6.82,118.49
6.83,121.17
6.84,123.86
6.85,126.55
6.86,76.23
6.87,25.91
6.88,-24.42
6.89,-74.74
6.90,-125.06
6.91,-124.29
6.92,-123.53
6.93,-122.76
6.94,-122.00
6.95,-121.23
6.96,-98.75
6.97,-76.27
6.98,-53.78
6.99,-31.30
7.00,-8.82
7.01,23.83
7.02,56.47
7.03,89.12
7.04,121.76
7.05,154.41
7.06,130.83
7.07,107.25
7.08,83.68
7.09,60.10
7.10,36.52
7.11,16.12
7.12,-4.28
7.13,-24.67
7.14,-45.07
7.15,-65.47
7.16,-29.73
7.17,6.01
7.18,41.74
7.19,77.48
7.20,113.22
7.21,109.16
7.22,105.09
7.23,101.03
7.24,96.96
7.25,92.90
7.26,53.30
7.27,13.71
7.28,-25.89
7.29,-65.48
7.30,-105.08
7.31,-110.39
7.32,-115.70
7.33,-121.00
7.34,-126.31
7.35,-131.62
7.36,-125.89
7.37,-120.16
7.38,-114.42
7.39,-108.69
7.40,-102.96
7.41,-68.49
7.42,-34.02
7.43,0.45
7.44,34.92
7.45,69.39
7.46,76.51
7.47,83.63
7.48,90.75
7.49,97.87
7.50,104.99
7.51,82.09
7.52,59.19
7.53,36.30
7.54,13.40
7.55,-9.50
7.56,-13.97
7.57,-18.45
7.58,-22.92
7.59,-27.40
7.60,-31.87
7.61,-21.89
7.62,-11.91
7.63,-1.93
7.64,8.05
7.65,18.03
7.66,29.76
7.67,41.50
7.68,53.23
7.69,64.97
7.70,76.70
7.71,76.38
7.72,76.06
7.73,75.74
7.74,75.42
7.75,75.10
7.76,44.95
7.77,14.80
7.78,-15.35
7.79,-45.50
7.80,-75.65
7.81,-109.60
7.82,-143.56
7.83,-177.51
7.84,-211.47
7.85,-245.42
7.86,-183.38
7.87,-121.35
7.88,-59.31
7.89,2.72
7.90,64.76
7.91,118.59
7.92,172.41
7.93,226.24
7.94,280.06
7.95,333.89
7.96,279.32
7.97,224.75
7.98,170.17
7.99,115.60
8.00,61.03
8.01,-2.80
8.02,-66.64
8.03,-130.47
8.04,-194.31
8.05,-258.14
8.06,-229.36
8.07,-200.57
8.08,-171.79
8.09,-143.00
8.10,-114.22
8.11,-78.72
8.12,-43.22
8.13,-7.73
8.14,27.77
8.15,63.27
8.16,56.45
8.17,49.62
8.18,42.80
8.19,35.97
8.20,29.15
8.21,10.06
8.22,-9.03
8.23,-28.12
8.24,-47.21
8.25,-66.30
8.26,-39.51
8.27,-12.73
8.28,14.06
8.29,40.84
8.30,67.63
8.31,123.96
8.32,180.28
8.33,236.61
8.34,292.93
8.35,349.26
8.36,273.76
8.37,198.26
8.38,122.77
8.39,47.27
8.40,-28.23
8.41,-105.31
8.42,-182.38
8.43,-259.46
8.44,-336.53
8.45,-413.61
8.46,-323.17
8.47,-232.72
8.48,-142.28
8.49,-51.83
8.50,38.61
8.51,76.32
8.52,114.03
8.53,151.75
8.54,189.46
8.55,227.17
8.56,181.20
8.57,135.22
8.58,89.25
8.59,43.27
8.60,-2.70
8.61,-25.72
8.62,-48.74
8.63,-71.77
8.64,-94.79
8.65,-117.81
8.66,-160.65
8.67,-203.49
8.68,-246.32
8.69,-289.16
8.70,-332.00
8.71,-228.75
8.72,-125.51
8.73,-22.26
8.74,80.98
8.75,184.23
8.76,244.65
8.77,305.07
8.78,365.49
8.79,425.91
8.80,486.33
8.81,340.09
8.82,193.86
8.83,47.62
8.84,-98.61
8.85,-244.85
8.86,-315.45
8.87,-386.05
8.88,-456.66
8.89,-527.26
8.90,-597.86
8.91,-500.94
8.92,-404.01
8.93,-307.09
8.94,-210.16
8.95,-113.24
8.96,-11.54
8.97,90.16
8.98,191.86
8.99,293.56
9.00,395.26
9.01,352.37
9.02,309.48
9.03,266.59
9.04,223.70
9.05,180.81
9.06,126.00
9.07,71.19
9.08,16.37
9.09,-38.44
9.10,-93.25
9.11,-80.35
9.12,-67.45
9.13,-54.56
9.14,-41.66
9.15,-28.76
9.16,-4.46
9.17,19.84
9.18,44.14
9.19,68.44
9.20,92.74
9.21,111.50
9.22,130.25
9.23,149.01
9.24,167.76
9.25,186.52
9.26,183.59
9.27,180.65
9.28,177.72
9.29,174.78
9.30,171.85
9.31,118.93
9.32,66.01
9.33,13.09
9.34,-39.83
9.35,-92.75
9.36,-122.09
9.37,-151.43
9.38,-180.76
9.39,-210.10
9.40,-239.44
9.41,-171.50
9.42,-103.56
9.43,-35.61
9.44,32.33
9.45,100.27
9.46,117.04
9.47,133.82
9.48,150.59
9.49,167.37
9.50,184.14
9.51,137.56
9.52,90.99
9.53,44.41
9.54,-2.16
9.55,-48.74
9.56,-77.50
9.57,-106.26
9.58,-135.01
9.59,-163.77
9.60,-192.53
9.61,-187.78
9.62,-183.02
9.63,-178.27
9.64,-173.51
9.65,-168.76
9.66,-144.91
9.67,-121.06
9.68,-97.20
9.69,-73.35
9.70,-49.50
9.71,-45.56
9.72,-41.62
9.73,-37.68
9.74,-33.74
9.75,-29.80
9.76,-31.37
9.77,-32.94
9.78,-34.52
9.79,-36.09
9.80,-37.66
9.81,5.96
9.82,49.58
9.83,93.21
9.84,136.83
9.85,180.45
9.86,190.88
9.87,201.30
9.88,211.73
9.89,222.15
9.90,232.58
9.91,165.61
9.92,98.64
9.93,31.67
9.94,-35.30
9.95,-102.27
9.96,-102.43
9.97,-102.60
9.98,-102.76
9.99,-102.93
10.00,-103.09
10.01,-38.51
10.02,26.07
10.03,90.66
10.04,155.24
10.05,219.82
10.06,191.13
10.07,162.44
10.08,133.76
10.09,105.07
10.10,76.38
10.11,-6.37
10.12,-89.13
10.13,-171.88
10.14,-254.64
10.15,-337.39
10.16,-289.49
10.17,-241.59
10.18,-193.69
10.19,-145.79
10.20,-97.89
10.21,-9.81
10.22,78.27
10.23,166.36
10.24,254.44
10.25,342.52
10.26,298.07
10.27,253.62
10.28,209.17
10.29,164.72
10.30,120.27
10.31,34.24
10.32,-51.79
10.33,-137.82
10.34,-223.85
10.35,-309.88
10.36,-302.23
10.37,-294.58
10.38,-286.93
10.39,-279.28
10.40,-271.63
10.41,-204.14
10.42,-136.65
10.43,-69.17
10.44,-1.68
10.45,65.81
10.46,101.82
10.47,137.82
10.48,173.83
10.49,209.83
10.50,245.84
10.51,210.64
10.52,175.44
10.53,140.23
10.54,105.03
10.55,69.83
10.56,31.47
10.57,-6.90
10.58,-45.26
10.59,-83.63
10.60,-121.99
10.61,-109.26
10.62,-96.53
10.63,-83.81
10.64,-71.08
10.65,-58.35
10.66,-23.43
10.67,11.49
10.68,46.40
10.69,81.32
10.70,116.24
10.71,132.56
10.72,148.88
10.73,165.20
10.74,181.52
10.75,197.84
10.76,150.85
10.77,103.87
10.78,56.88
10.79,9.90
10.80,-37.09
10.81,-69.09
10.82,-101.09
10.83,-133.08
10.84,-165.08
10.85,-197.08
10.86,-186.72
10.87,-176.36
10.88,-165.99
10.89,-155.63
10.90,-145.27
10.91,-93.57
10.92,-41.87
10.93,9.84
10.94,61.54
10.95,113.24
10.96,119.56
10.97,125.88
10.98,132.21
10.99,138.53
11.00,144.85
11.01,90.49
11.02,36.13
11.03,-18.24
11.04,-72.60
11.05,-126.96
11.06,-128.43
11.07,-129.91
11.08,-131.38
11.09,-132.86
11.10,-134.33
11.11,-101.12
11.12,-67.91
11.13,-34.69
11.14,-1.48
11.15,31.73
11.16,54.76
11.17,77.79
11.18,100.81
11.19,123.84
11.20,146.87
11.21,109.24
11.22,71.61
11.23,33.98
11.24,-3.65
11.25,-41.28
11.26,-49.14
11.27,-57.00
11.28,-64.86
11.29,-72.72
11.30,-80.58
11.31,-68.63
11.32,-56.68
11.33,-44.72
11.34,-32.77
11.35,-20.82
11.36,-5.25
11.37,10.32
11.38,25.88
11.39,41.45
11.40,57.02
11.41,70.06
11.42,83.11
11.43,96.15
11.44,109.20
11.45,122.24
11.46,95.92
11.47,69.60
11.48,43.29
11.49,16.97
11.50,-9.35
11.51,-24.31
11.52,-39.28
11.53,-54.24
11.54,-69.21
11.55,-84.17
11.56,-66.20
11.57,-48.23
11.58,-30.25
11.59,-12.28
11.60,5.69
11.61,14.69
11.62,23.68
11.63,32.68
11.64,41.67
11.65,50.67
11.66,37.20
11.67,23.73
11.68,10.26
11.69,-3.21
11.70,-16.68
11.71,-4.98
11.72,6.72
11.73,18.41
11.74,30.11
11.75,41.81
11.76,36.26
11.77,30.72
11.78,25.17
11.79,19.63
11.80,14.08
11.81,-1.05
11.82,-16.19
11.83,-31.32
11.84,-46.46
11.85,-61.59
11.86,-54.63
11.87,-47.67
11.88,-40.72
11.89,-33.76
11.90,-26.80
11.91,-21.39
11.92,-15.99
11.93,-10.58
11.94,-5.18
11.95,0.23
11.96,4.71
11.97,9.19
11.98,13.67
11.99,18.15
12.00,22.63
12.01,14.06
12.02,5.50
12.03,-3.07
12.04,-11.63
12.05,-20.20
12.06,-28.51
12.07,-36.82
12.08,-45.12
12.09,-53.43
12.10,-61.74
12.11,-34.23
12.12,-6.72
12.13,20.80
12.14,48.31
12.15,75.82
12.16,70.30
12.17,64.79
12.18,59.27
12.19,53.76
12.20,48.24
12.21,31.40
12.22,14.57
12.23,-2.27
12.24,-19.10
12.25,-35.94
12.26,-28.28
12.27,-20.61
12.28,-12.95
12.29,-5.28
12.30,2.38
12.31,11.56
12.32,20.74
12.33,29.91
12.34,39.09
12.35,48.27
12.36,36.37
12.37,24.47
12.38,12.57
12.39,0.67
12.40,-11.23
12.41,-22.27
12.42,-33.31
12.43,-44.34
12.44,-55.38
12.45,-66.42
12.46,-49.94
12.47,-33.47
12.48,-16.99
12.49,-0.52
12.50,15.96
12.51,21.33
12.52,26.70
12.53,32.07
12.54,37.44
12.55,42.81
12.56,36.98
12.57,31.16
12.58,25.33
12.59,19.51
12.60,13.68
12.61,12.60
12.62,11.53
12.63,10.45
12.64,9.38
12.65,8.30
12.66,-1.83
12.67,-11.96
12.68,-22.09
12.69,-32.22
12.70,-42.35
12.71,-49.26
12.72,-56.17
12.73,-63.07
12.74,-69.98
12.75,-76.89
12.76,-57.73
12.77,-38.56
12.78,-19.40
12.79,-0.23
12.80,18.93
12.81,20.28
12.82,21.64
12.83,22.99
12.84,24.35
12.85,25.70
12.86,12.67
12.87,-0.37
12.88,-13.40
12.89,-26.44
12.90,-39.47
12.91,-28.82
12.92,-18.17
12.93,-7.53
12.94,3.12
12.95,13.77
12.96,9.85
12.97,5.93
12.98,2.01
12.99,-1.91
13.00,-5.83
13.01,-8.46
13.02,-11.08
13.03,-13.71
13.04,-16.33
13.05,-18.96
13.06,-0.45
13.07,18.06
13.08,36.58
13.09,55.09
13.10,73.60
13.11,58.23
13.12,42.86
13.13,27.50
13.14,12.13
13.15,-3.24
13.16,-14.91
13.17,-26.58
13.18,-38.25
13.19,-49.92
13.20,-61.59
13.21,-48.62
13.22,-35.65
13.23,-22.68
13.24,-9.71
13.25,3.26
13.26,20.42
13.27,37.58
13.28,54.74
13.29,71.90
13.30,89.06
13.31,73.29
13.32,57.52
13.33,41.75
13.34,25.98
13.35,10.21
13.36,5.24
13.37,0.27
13.38,-4.71
13.39,-9.68
13.40,-14.65
13.41,-15.16
13.42,-15.68
13.43,-16.19
13.44,-16.71
13.45,-17.22
13.46,-25.06
13.47,-32.90
13.48,-40.74
13.49,-48.58
13.50,-56.42
13.51,-49.30
13.52,-42.17
13.53,-35.05
13.54,-27.92
13.55,-20.80
13.56,-10.81
13.57,-0.81
13.58,9.18
13.59,19.18
13.60,29.17
13.61,31.23
13.62,33.29
13.63,35.34
13.64,37.40
13.65,39.46
13.66,25.64
13.67,11.82
13.68,-2.01
13.69,-15.83
13.70,-29.65
13.71,-30.11
13.72,-30.56
13.73,-31.02
13.74,-31.47
13.75,-31.93
13.76,-22.95
13.77,-13.97
13.78,-4.98
13.79,4.00
13.80,12.98
13.81,17.43
13.82,21.88
13.83,26.34
13.84,30.79
13.85,35.24
13.86,26.17
13.87,17.11
13.88,8.04
13.89,-1.02
13.90,-10.09
13.91,-11.98
13.92,-13.87
13.93,-15.75
13.94,-17.64
13.95,-19.53
13.96,-15.80
13.97,-12.08
13.98,-8.35
13.99,-4.63
14.00,-0.90
14.01,-2.24
14.02,-3.58
14.03,-4.92
14.04,-6.26
14.05,-7.60
14.06,-17.89
14.07,-28.18
14.08,-38.47
14.09,-48.76
14.10,-59.05
14.11,-53.89
14.12,-48.73
14.13,-43.56
14.14,-38.40
14.15,-33.24
14.16,-21.86
14.17,-10.48
14.18,0.91
14.19,12.29
14.20,23.67
14.21,32.04
14.22,40.41
14.23,48.79
14.24,57.16
14.25,65.53
14.26,53.80
14.27,42.07
14.28,30.33
14.29,18.60
14.30,6.87
14.31,11.86
14.32,16.85
14.33,21.85
14.34,26.84
14.35,31.83
14.36,34.54
14.37,37.25
14.38,39.95
14.39,42.66
14.40,45.37
14.41,18.94
14.42,-7.50
14.43,-33.93
14.44,-60.37
14.45,-86.80
14.46,-79.65
14.47,-72.50
14.48,-65.34
14.49,-58.19
14.50,-51.04
14.51,-25.47
14.52,0.10
14.53,25.68
14.54,51.25
14.55,76.82
14.56,67.38
14.57,57.95
14.58,48.51
14.59,39.08
14.60,29.64
14.61,7.65
14.62,-14.34
14.63,-36.32
14.64,-58.31
14.65,-80.30
14.66,-59.34
14.67,-38.37
14.68,-17.41
14.69,3.56
14.70,24.52
14.71,25.73
14.72,26.94
14.73,28.14
14.74,29.35
14.75,30.56
14.76,21.20
14.77,11.84
14.78,2.47
14.79,-6.89
14.80,-16.25
14.81,-26.94
14.82,-37.62
14.83,-48.31
14.84,-58.99
14.85,-69.68
14.86,-53.80
14.87,-37.93
14.88,-22.05
14.89,-6.18
14.90,9.70
14.91,28.33
14.92,46.96
14.93,65.58
14.94,84.21
14.95,102.84
14.96,90.79
14.97,78.74
14.98,66.69
14.99,54.64
15.00,42.59
15.01,39.96
15.02,37.34
15.03,34.71
15.04,32.09
15.05,29.46
15.06,12.34
15.07,-4.78
15.08,-21.89
15.09,-39.01
15.10,-56.13
15.11,-53.38
15.12,-50.63
15.13,-47.87
15.14,-45.12
15.15,-42.37
15.16,-30.93
15.17,-19.48
15.18,-8.04
15.19,3.41
15.20,14.85
15.21,13.65
15.22,12.45
15.23,11.24
15.24,10.04
15.25,8.84
15.26,21.66
15.27,34.48
15.28,47.29
15.29,60.11
15.30,72.93
15.31,64.17
15.32,55.41
15.33,46.64
15.34,37.88
15.35,29.12
15.36,4.09
15.37,-20.94
15.38,-45.98
15.39,-71.01
15.40,-96.04
15.41,-75.23
15.42,-54.43
15.43,-33.62
15.44,-12.82
15.45,7.99
15.46,12.59
15.47,17.19
15.48,21.80
15.49,26.40
15.50,31.00
15.51,11.48
15.52,-8.04
15.53,-27.55
15.54,-47.07
15.55,-66.59
15.56,-59.56
15.57,-52.53
15.58,-45.51
15.59,-38.48
15.60,-31.45
15.61,-24.74
15.62,-18.03
15.63,-11.32
15.64,-4.61
15.65,2.10
15.66,-13.21
15.67,-28.51
15.68,-43.82
15.69,-59.12
15.70,-74.43
15.71,-69.55
15.72,-64.68
15.73,-59.80
15.74,-54.93
15.75,-50.05
15.76,-21.92
15.77,6.21
15.78,34.35
15.79,62.48
15.80,90.61
15.81,92.47
15.82,94.34
15.83,96.20
15.84,98.07
15.85,99.93
15.86,80.10
15.87,60.26
15.88,40.43
15.89,20.59
15.90,0.76
15.91,-6.92
15.92,-14.59
15.93,-22.27
15.94,-29.94
15.95,-37.62
15.96,-28.87
15.97,-20.12
15.98,-11.38
15.99,-2.63
16.00,6.12
16.01,5.16
16.02,4.21
16.03,3.25
16.04,2.30
16.05,1.34
16.06,-8.73
16.07,-18.80
16.08,-28.87
16.09,-38.94
16.10,-49.01
16.11,-37.88
16.12,-26.74
16.13,-15.61
16.14,-4.47
16.15,6.66
16.16,9.35
16.17,12.03
16.18,14.72
16.19,17.40
16.20,20.09
16.21,8.65
16.22,-2.79
16.23,-14.24
16.24,-25.68
16.25,-37.12
16.26,-30.87
16.27,-24.62
16.28,-18.37
16.29,-12.12
16.30,-5.87
16.31,-12.16
16.32,-18.45
16.33,-24.74
16.34,-31.03
16.35,-37.32
16.36,-28.12
16.37,-18.91
16.38,-9.71
16.39,-0.50
16.40,8.70
16.41,20.54
16.42,32.39
16.43,44.23
16.44,56.08
16.45,67.92
16.46,60.95
16.47,53.98
16.48,47.02
16.49,40.05
16.50,33.08
16.51,11.46
16.52,-10.16
16.53,-31.79
16.54,-53.41
16.55,-75.03
16.56,-55.27
16.57,-35.51
16.58,-15.75
16.59,4.01
16.60,23.77
16.61,46.10
16.62,68.43
16.63,90.76
16.64,113.09
16.65,135.42
16.66,112.43
16.67,89.44
16.68,66.46
16.69,43.47
16.70,20.48
16.71,1.30
16.72,-17.89
16.73,-37.07
16.74,-56.26
16.75,-75.44
16.76,-78.61
16.77,-81.78
16.78,-84.96
16.79,-88.13
16.80,-91.30
16.81,-63.65
16.82,-35.99
16.83,-8.34
16.84,19.32
16.85,46.97
16.86,52.62
16.87,58.27
16.88,63.91
16.89,69.56
16.90,75.21
16.91,59.81
16.92,44.41
16.93,29.00
16.94,13.60
16.95,-1.80
16.96,-13.77
16.97,-25.75
16.98,-37.72
16.99,-49.70
17.00,-61.67
17.01,-52.97
17.02,-44.27
17.03,-35.56
17.04,-26.86
17.05,-18.16
17.06,-13.71
17.07,-9.26
17.08,-4.82
17.09,-0.37
17.10,4.08
17.11,10.71
17.12,17.33
17.13,23.96
17.14,30.58
17.15,37.21
17.16,27.33
17.17,17.45
17.18,7.58
17.19,-2.30
17.20,-12.18
17.21,-22.77
17.22,-33.37
17.23,-43.96
17.24,-54.56
17.25,-65.15
17.26,-44.12
17.27,-23.09
17.28,-2.06
17.29,18.97
17.30,40.00
17.31,42.94
17.32,45.89
17.33,48.83
17.34,51.78
17.35,54.72
17.36,46.50
17.37,38.27
17.38,30.05
17.39,21.82
17.40,13.60
17.41,2.36
17.42,-8.88
17.43,-20.13
17.44,-31.37
17.45,-42.61
17.46,-36.95
17.47,-31.30
17.48,-25.64
17.49,-19.99
17.50,-14.33
17.51,-12.54
17.52,-10.75
17.53,-8.95
17.54,-7.16
17.55,-5.37
17.56,-10.12
17.57,-14.86
17.58,-19.61
17.59,-24.35
17.60,-29.10
17.61,-23.32
17.62,-17.53
17.63,-11.75
17.64,-5.96
17.65,-0.18
17.66,12.28
17.67,24.74
17.68,37.21
17.69,49.67
17.70,62.13
17.71,50.06
17.72,38.00
17.73,25.93
17.74,13.87
17.75,1.80
17.76,-19.98
17.77,-41.77
17.78,-63.55
17.79,-85.34
17.80,-107.12
17.81,-95.78
17.82,-84.44
17.83,-73.11
17.84,-61.77
17.85,-50.43
17.86,-27.10
17.87,-3.78
17.88,19.55
17.89,42.87
17.90,66.20
17.91,67.04
17.92,67.88
17.93,68.72
17.94,69.56
17.95,70.40
17.96,52.67
17.97,34.95
17.98,17.22
17.99,-0.50
18.00,-18.23
18.01,-19.49
18.02,-20.76
18.03,-22.02
18.04,-23.29
18.05,-24.55
18.06,-13.81
18.07,-3.07
18.08,7.66
18.09,18.40
18.10,29.14
18.11,28.45
18.12,27.75
18.13,27.06
18.14,26.36
18.15,25.67
18.16,15.75
18.17,5.83
18.18,-4.10
18.19,-14.02
18.20,-23.94
18.21,-31.90
18.22,-39.86
18.23,-47.83
18.24,-55.79
18.25,-63.75
18.26,-59.59
18.27,-55.42
18.28,-51.26
18.29,-47.09
18.30,-42.93
18.31,-22.17
18.32,-1.41
18.33,19.35
18.34,40.11
18.35,60.87
18.36,55.97
18.37,51.07
18.38,46.17
18.39,41.27
18.40,36.37
18.41,15.74
18.42,-4.88
18.43,-25.51
18.44,-46.13
18.45,-66.76
18.46,-59.30
18.47,-51.85
18.48,-44.39
18.49,-36.94
18.50,-29.48
18.51,-17.72
18.52,-5.96
18.53,5.80
18.54,17.56
18.55,29.32
18.56,30.58
18.57,31.84
18.58,33.10
18.59,34.36
18.60,35.62
18.61,31.43
18.62,27.23
18.63,23.04
18.64,18.84
18.65,14.65
18.66,13.16
18.67,11.66
18.68,10.17
18.69,8.67
18.70,7.18
18.71,11.91
18.72,16.64
18.73,21.38
18.74,26.11
18.75,30.84
18.76,28.49
18.77,26.15
18.78,23.80
18.79,21.46
18.80,19.11
18.81,12.71
18.82,6.31
18.83,-0.09
18.84,-6.49
18.85,-12.89
18.86,-11.43
18.87,-9.98
18.88,-8.52
18.89,-7.07
18.90,-5.61
18.91,4.06
18.92,13.73
18.93,23.39
18.94,33.06
18.95,42.73
18.96,44.50
18.97,46.27
18.98,48.03
18.99,49.80
19.00,51.57
19.01,28.71
19.02,5.85
19.03,-17.00
19.04,-39.86
19.05,-62.72
19.06,-79.24
19.07,-95.76
19.08,-112.28
19.09,-128.80
19.10,-145.32
19.11,-114.63
19.12,-83.94
19.13,-53.25
19.14,-22.56
19.15,8.13
19.16,29.77
19.17,51.41
19.18,73.05
19.19,94.69
19.20,116.33
19.21,95.57
19.22,74.80
19.23,54.04
19.24,33.27
19.25,12.51
19.26,3.89
19.27,-4.73
19.28,-13.35
19.29,-21.97
19.30,-30.59
19.31,-35.91
19.32,-41.23
19.33,-46.56
19.34,-51.88
19.35,-57.20
19.36,-56.93
19.37,-56.67
19.38,-56.40
19.39,-56.14
19.40,-55.87
19.41,-39.00
19.42,-22.13
19.43,-5.25
19.44,11.62
19.45,28.49
19.46,32.54
19.47,36.59
19.48,40.63
19.49,44.68
19.50,48.73
19.51,51.01
19.52,53.29
19.53,55.58
19.54,57.86
19.55,60.14
19.56,49.57
19.57,39.00
19.58,28.42
19.59,17.85
19.60,7.28
19.61,-10.50
19.62,-28.28
19.63,-46.06
19.64,-63.84
19.65,-81.62
19.66,-63.86
19.67,-46.09
19.68,-28.33
19.69,-10.56
19.70,7.20
19.71,22.06
19.72,36.92
19.73,51.79
19.74,66.65
19.75,81.51
19.76,53.12
19.77,24.74
19.78,-3.65
19.79,-32.03
19.80,-60.42
19.81,-65.72
19.82,-71.02
19.83,-76.33
19.84,-81.63
19.85,-86.93
19.86,-65.93
19.87,-44.94
19.88,-23.94
19.89,-2.95
19.90,18.05
19.91,25.91
19.92,33.77
19.93,41.64
19.94,49.50
19.95,57.36
19.96,51.62
19.97,45.88
19.98,40.14
19.99,34.40
20.00,28.66
20.01,10.12
20.02,-8.42
20.03,-26.95
20.04,-45.49
20.05,-64.03
20.06,-56.23
20.07,-48.43
20.08,-40.64
20.09,-32.84
20.10,-25.04
20.11,-24.99
20.12,-24.95
20.13,-24.90
20.14,-24.86
20.15,-24.81
20.16,-15.20
20.17,-5.59
20.18,4.01
20.19,13.62
20.20,23.23
20.21,24.91
20.22,26.59
20.23,28.26
20.24,29.94
20.25,31.62
20.26,16.92
20.27,2.21
20.28,-12.49
20.29,-27.20
20.30,-41.90
20.31,-27.65
20.32,-13.40
20.33,0.86
20.34,15.11
20.35,29.36
20.36,34.71
20.37,40.06
20.38,45.42
20.39,50.77
20.40,56.12
20.41,47.44
20.42,38.77
20.43,30.09
20.44,21.42
20.45,12.74
20.46,5.50
20.47,-1.73
20.48,-8.97
20.49,-16.20
20.50,-23.44
20.51,-30.13
20.52,-36.82
20.53,-43.50
20.54,-50.19
20.55,-56.88
20.56,-54.72
20.57,-52.56
20.58,-50.39
20.59,-48.23
20.60,-46.07
20.61,-23.66
20.62,-1.25
20.63,21.17
20.64,43.58
20.65,65.99
20.66,63.68
20.67,61.36
20.68,59.05
20.69,56.73
20.70,54.42
20.71,46.38
20.72,38.34
20.73,30.30
20.74,22.26
20.75,14.22
20.76,12.44
20.77,10.67
20.78,8.89
20.79,7.12
20.80,5.34
20.81,6.58
20.82,7.82
20.83,9.06
20.84,10.30
20.85,11.54
20.86,5.22
20.87,-1.09
20.88,-7.41
20.89,-13.72
20.90,-20.04
20.91,-26.60
20.92,-33.15
20.93,-39.71
20.94,-46.26
20.95,-52.82
20.96,-42.09
20.97,-31.36
20.98,-20.62
20.99,-9.89
21.00,0.84
21.01,8.69
21.02,16.53
21.03,24.38
21.04,32.22
21.05,40.07
21.06,43.63
21.07,47.19
21.08,50.75
21.09,54.31
21.10,57.87
21.11,46.34
21.12,34.80
21.13,23.27
21.14,11.73
21.15,0.20
21.16,-6.41
21.17,-13.03
21.18,-19.64
21.19,-26.26
21.20,-32.87
21.21,-34.41
21.22,-35.94
21.23,-37.48
21.24,-39.01
21.25,-40.55
21.26,-34.67
21.27,-28.79
21.28,-22.92
21.29,-17.04
21.30,-11.16
21.31,3.22
21.32,17.60
21.33,31.99
21.34,46.37
21.35,60.75
21.36,56.70
21.37,52.65
21.38,48.59
21.39,44.54
21.40,40.49
21.41,29.33
21.42,18.18
21.43,7.02
21.44,-4.13
21.45,-15.29
21.46,-11.13
21.47,-6.97
21.48,-2.81
21.49,1.35
21.50,5.51
21.51,8.84
21.52,12.17
21.53,15.50
21.54,18.83
21.55,22.16
21.56,22.78
21.57,23.40
21.58,24.03
21.59,24.65
21.60,25.27
21.61,17.15
21.62,9.03
21.63,0.90
21.64,-7.22
21.65,-15.34
21.66,-21.29
21.67,-27.24
21.68,-33.18
21.69,-39.13
21.70,-45.08
21.71,-33.92
21.72,-22.76
21.73,-11.60
21.74,-0.44
21.75,10.72
21.76,8.46
21.77,6.20
21.78,3.95
21.79,1.69
21.80,-0.57
21.81,-6.19
21.82,-11.81
21.83,-17.44
21.84,-23.06
21.85,-28.68
21.86,-15.34
21.87,-1.99
21.88,11.35
21.89,24.70
21.90,38.04
21.91,23.07
21.92,8.09
21.93,-6.88
21.94,-21.86
21.95,-36.83
21.96,-47.75
21.97,-58.67
21.98,-69.59
21.99,-80.51
22.00,-91.43
22.01,-61.62
22.02,-31.82
22.03,-2.01
22.04,27.79
22.05,57.60
22.06,57.41
22.07,57.23
22.08,57.04
22.09,56.86
22.10,56.67
22.11,53.13
22.12,49.60
22.13,46.06
22.14,42.53
22.15,38.99
22.16,42.86
22.17,46.73
22.18,50.60
22.19,54.47
22.20,58.34
22.21,35.34
22.22,12.34
22.23,-10.66
22.24,-33.66
22.25,-56.66
22.26,-65.67
22.27,-74.67
22.28,-83.68
22.29,-92.68
22.30,-101.69
22.31,-81.89
22.32,-62.09
22.33,-42.29
22.34,-22.49
22.35,-2.69
22.36,-3.79
22.37,-4.89
22.38,-5.98
22.39,-7.08
22.40,-8.18
22.41,-10.19
22.42,-12.21
22.43,-14.22
22.44,-16.24
22.45,-18.25
22.46,2.96
22.47,24.17
22.48,45.37
22.49,66.58
22.50,87.79
22.51,65.62
22.52,43.45
22.53,21.27
22.54,-0.90
22.55,-23.07
22.56,-37.62
22.57,-52.17
22.58,-66.72
22.59,-81.27
22.60,-95.82
22.61,-68.52
22.62,-41.23
22.63,-13.93
22.64,13.36
22.65,40.66
22.66,40.84
22.67,41.02
22.68,41.20
22.69,41.38
22.70,41.56
22.71,30.54
22.72,19.51
22.73,8.49
22.74,-2.54
22.75,-13.56
22.76,-8.47
22.77,-3.37
22.78,1.72
22.79,6.82
22.80,11.91
22.81,14.03
22.82,16.15
22.83,18.28
22.84,20.40
22.85,22.52
22.86,14.44
22.87,6.36
22.88,-1.72
22.89,-9.80
22.90,-17.88
22.91,-18.98
22.92,-20.08
22.93,-21.19
22.94,-22.29
22.95,-23.39
22.96,-19.36
22.97,-15.34
22.98,-11.31
22.99,-7.29
23.00,-3.26
23.01,-7.86
23.02,-12.46
23.03,-17.07
23.04,-21.67
23.05,-26.27
23.06,-29.97
23.07,-33.68
23.08,-37.38
23.09,-41.09
23.10,-44.79
23.11,-31.40
23.12,-18.01
23.13,-4.61
23.14,8.78
23.15,22.17
23.16,32.54
23.17,42.92
23.18,53.29
23.19,63.67
23.20,74.04
23.21,59.92
23.22,45.80
23.23,31.69
23.24,17.57
23.25,3.45
23.26,-4.75
23.27,-12.94
23.28,-21.14
23.29,-29.33
23.30,-37.53
23.31,-7.40
23.32,22.73
23.33,52.86
23.34,82.99
23.35,113.12
23.36,86.90
23.37,60.68
23.38,34.45
23.39,8.23
23.40,-17.99
23.41,-46.87
23.42,-75.75
23.43,-104.64
23.44,-133.52
23.45,-162.40
23.46,-130.27
23.47,-98.13
23.48,-66.00
23.49,-33.86
23.50,-1.73
23.51,1.59
23.52,4.90
23.53,8.22
23.54,11.53
23.55,14.85
23.56,18.55
23.57,22.25
23.58,25.95
23.59,29.65
23.60,33.35
23.61,40.86
23.62,48.37
23.63,55.87
23.64,63.38
23.65,70.89
23.66,47.83
23.67,24.77
23.68,1.70
23.69,-21.36
23.70,-44.42
23.71,-54.23
23.72,-64.03
23.73,-73.84
23.74,-83.64
23.75,-93.45
23.76,-62.04
23.77,-30.63
23.78,0.78
23.79,32.19
23.80,63.60
23.81,69.96
23.82,76.31
23.83,82.67
23.84,89.02
23.85,95.38
23.86,75.76
23.87,56.14
23.88,36.51
23.89,16.89
23.90,-2.73
23.91,-10.36
23.92,-18.00
23.93,-25.63
23.94,-33.27
23.95,-40.90
23.96,-37.95
23.97,-35.00
23.98,-32.06
23.99,-29.11
24.00,-26.16
24.01,-19.27
24.02,-12.37
24.03,-5.48
24.04,1.42
24.05,8.31
24.06,25.74
24.07,43.17
24.08,60.60
24.09,78.03
24.10,95.46
24.11,91.87
24.12,88.28
24.13,84.68
24.14,81.09
24.15,77.50
24.16,39.06
24.17,0.62
24.18,-37.81
24.19,-76.25
24.20,-114.69
24.21,-123.25
24.22,-131.81
24.23,-140.38
24.24,-148.94
24.25,-157.50
24.26,-123.81
24.27,-90.12
24.28,-56.43
24.29,-22.74
24.30,10.95
24.31,26.72
24.32,42.49
24.33,58.25
24.34,74.02
24.35,89.79
24.36,74.48
24.37,59.17
24.38,43.87
24.39,28.56
24.40,13.25
24.41,-0.28
24.42,-13.81
24.43,-27.34
24.44,-40.87
24.45,-54.40
24.46,-46.72
24.47,-39.04
24.48,-31.37
24.49,-23.69
24.50,-16.01
24.51,0.28
24.52,16.58
24.53,32.87
24.54,49.17
24.55,65.46
24.56,42.02
24.57,18.59
24.58,-4.85
24.59,-28.28
24.60,-51.72
24.61,-46.84
24.62,-41.96
24.63,-37.08
24.64,-32.20
24.65,-27.32
24.66,-4.78
24.67,17.76
24.68,40.31
24.69,62.85
24.70,85.39
24.71,64.58
24.72,43.76
24.73,22.95
24.74,2.13
24.75,-18.68
24.76,-12.53
24.77,-6.39
24.78,-0.24
24.79,5.90
24.80,12.05
24.81,20.10
24.82,28.15
24.83,36.21
24.84,44.26
24.85,52.31
24.86,41.49
24.87,30.66
24.88,19.84
24.89,9.01
24.90,-1.81
24.91,-7.25
24.92,-12.70
24.93,-18.14
24.94,-23.59
24.95,-29.03
24.96,-26.27
24.97,-23.52
24.98,-20.76
24.99,-18.01
25.00,-15.25
25.01,-13.86
25.02,-12.47
25.03,-11.09
25.04,-9.70
25.05,-8.31
25.06,-7.38
25.07,-6.45
25.08,-5.52
25.09,-4.59
25.10,-3.66
25.11,-8.12
25.12,-12.59
25.13,-17.05
25.14,-21.52
25.15,-25.98
25.16,-21.93
25.17,-17.89
25.18,-13.84
25.19,-9.80
25.20,-5.75
25.21,4.12
25.22,13.99
25.23,23.85
25.24,33.72
25.25,43.59
25.26,33.88
25.27,24.17
25.28,14.46
25.29,4.75
25.30,-4.96
25.31,-8.50
25.32,-12.03
25.33,-15.57
25.34,-19.10
25.35,-22.64
25.36,-15.23
25.37,-7.82
25.38,-0.42
25.39,6.99
25.40,14.40
25.41,22.41
25.42,30.42
25.43,38.43
25.44,46.44
25.45,54.45
25.46,44.73
25.47,35.00
25.48,25.28
25.49,15.55
25.50,5.83
25.51,-3.43
25.52,-12.69
25.53,-21.95
25.54,-31.21
25.55,-40.47
25.56,-34.73
25.57,-28.99
25.58,-23.26
25.59,-17.52
25.60,-11.78
25.61,1.22
25.62,14.22
25.63,27.23
25.64,40.23
25.65,53.23
25.66,47.48
25.67,41.72
25.68,35.97
25.69,30.21
25.70,24.46
25.71,9.44
25.72,-5.59
25.73,-20.61
25.74,-35.64
25.75,-50.66
25.76,-40.69
25.77,-30.71
25.78,-20.74
25.79,-10.76
25.80,-0.79
25.81,3.58
25.82,7.95
25.83,12.31
25.84,16.68
25.85,21.05
25.86,11.37
25.87,1.70
25.88,-7.98
25.89,-17.65
25.90,-27.33
25.91,-27.87
25.92,-28.41
25.93,-28.96
25.94,-29.50
25.95,-30.04
25.96,-25.22
25.97,-20.40
25.98,-15.59
25.99,-10.77
26.00,-5.95
26.01,-6.36
26.02,-6.77
26.03,-7.17
26.04,-7.58
26.05,-7.99
26.06,-8.49
26.07,-9.00
26.08,-9.50
26.09,-10.01
26.10,-10.51
26.11,-5.55
26.12,-0.59
26.13,4.36
26.14,9.32
26.15,14.28
26.16,15.04
26.17,15.80
26.18,16.55
26.19,17.31
26.20,18.07
26.21,12.98
26.22,7.89
26.23,2.80
26.24,-2.29
26.25,-7.38
26.26,-7.38
26.27,-7.39
26.28,-7.39
26.29,-7.40
26.30,-7.40
26.31,-4.56
26.32,-1.72
26.33,1.12
26.34,3.96
26.35,6.80
26.36,9.51
26.37,12.23
26.38,14.94
26.39,17.66
26.40,20.37
26.41,17.45
26.42,14.53
26.43,11.60
26.44,8.68
26.45,5.76
26.46,2.69
26.47,-0.38
26.48,-3.46
26.49,-6.53
26.50,-9.60
26.51,-7.71
26.52,-5.82
26.53,-3.92
26.54,-2.03
26.55,-0.14
26.56,-4.11
26.57,-8.09
26.58,-12.06
26.59,-16.04
26.60,-20.01
26.61,-18.80
26.62,-17.59
26.63,-16.38
26.64,-15.17
26.65,-13.96
26.66,-11.24
26.67,-8.52
26.68,-5.81
26.69,-3.09
26.70,-0.37
26.71,0.92
26.72,2.20
26.73,3.49
26.74,4.77
26.75,6.06
26.76,6.14
26.77,6.22
26.78,6.30
26.79,6.38
26.80,6.46
26.81,2.84
26.82,-0.78
26.83,-4.41
26.84,-8.03
26.85,-11.65
26.86,-8.13
26.87,-4.61
26.88,-1.08
26.89,2.44
26.90,5.96
26.91,6.92
26.92,7.88
26.93,8.85
26.94,9.81
26.95,10.77
26.96,10.82
26.97,10.87
26.98,10.92
26.99,10.97
27.00,11.02
27.01,10.81
27.02,10.60
27.03,10.40
27.04,10.19
27.05,9.98
27.06,2.89
27.07,-4.19
27.08,-11.28
27.09,-18.36
27.10,-25.45
27.11,-23.11
27.12,-20.77
27.13,-18.42
27.14,-16.08
27.15,-13.74
27.16,-6.09
27.17,1.57
27.18,9.22
27.19,16.88
27.20,24.53
27.21,20.69
27.22,16.85
27.23,13.00
27.24,9.16
27.25,5.32
27.26,-0.52
27.27,-6.36
27.28,-12.20
27.29,-18.04
27.30,-23.88
27.31,-22.05
27.32,-20.22
27.33,-18.38
27.34,-16.55
27.35,-14.72
27.36,-11.48
27.37,-8.24
27.38,-5.01
27.39,-1.77
27.40,1.47
27.41,2.65
27.42,3.83
27.43,5.00
27.44,6.18
27.45,7.36
27.46,11.03
27.47,14.70
27.48,18.37
27.49,22.04
27.50,25.71
27.51,23.63
27.52,21.55
27.53,19.48
27.54,17.40
27.55,15.32
27.56,8.57
27.57,1.81
27.58,-4.94
27.59,-11.70
27.60,-18.45
27.61,-18.54
27.62,-18.63
27.63,-18.73
27.64,-18.82
27.65,-18.91
27.66,-13.46
27.67,-8.00
27.68,-2.55
27.69,2.91
27.70,8.36
27.71,10.25
27.72,12.14
27.73,14.04
27.74,15.93
27.75,17.82
27.76,13.28
27.77,8.74
27.78,4.19
27.79,-0.35
27.80,-4.89
27.81,-5.90
27.82,-6.90
27.83,-7.91
27.84,-8.91
27.85,-9.92
27.86,-7.10
27.87,-4.29
27.88,-1.47
27.89,1.34
27.90,4.16
27.91,0.04
27.92,-4.08
27.93,-8.20
27.94,-12.32
27.95,-16.44
27.96,-14.97
27.97,-13.50
27.98,-12.03
27.99,-10.56
28.00,-9.09
28.01,0.19
28.02,9.47
28.03,18.74
28.04,28.02
28.05,37.30
28.06,34.34
28.07,31.39
28.08,28.43
28.09,25.48
28.10,22.52
28.11,15.35
28.12,8.17
28.13,1.00
28.14,-6.18
28.15,-13.35
28.16,-11.23
28.17,-9.12
28.18,-7.00
28.19,-4.89
28.20,-2.77
28.21,-0.22
28.22,2.34
28.23,4.89
28.24,7.45
28.25,10.00
28.26,6.26
28.27,2.52
28.28,-1.21
28.29,-4.95
28.30,-8.69
28.31,-7.16
28.32,-5.63
28.33,-4.09
28.34,-2.56
28.35,-1.03
28.36,1.12
28.37,3.27
28.38,5.42
28.39,7.57
28.40,9.72
28.41,9.46
28.42,9.20
28.43,8.95
28.44,8.69
28.45,8.43
28.46,6.78
28.47,5.12
28.48,3.47
28.49,1.81
28.50,0.16
28.51,1.25
28.52,2.34
28.53,3.42
28.54,4.51
28.55,5.60
28.56,4.05
28.57,2.49
28.58,0.94
28.59,-0.62
28.60,-2.17
28.61,-5.83
28.62,-9.50
28.63,-13.16
28.64,-16.83
28.65,-20.49
28.66,-15.96
28.67,-11.43
28.68,-6.91
28.69,-2.38
28.70,2.15
28.71,0.35
28.72,-1.45
28.73,-3.26
28.74,-5.06
28.75,-6.86
28.76,-7.88
28.77,-8.90
28.78,-9.91
28.79,-10.93
28.80,-11.95
28.81,-8.11
28.82,-4.27
28.83,-0.44
28.84,3.40
28.85,7.24
28.86,5.71
28.87,4.18
28.88,2.65
28.89,1.12
28.90,-0.41
28.91,-6.02
28.92,-11.63
28.93,-17.25
28.94,-22.86
28.95,-28.47
28.96,-26.69
28.97,-24.90
28.98,-23.12
28.99,-21.33
29.00,-19.55
29.01,-7.18
29.02,5.19
29.03,17.56
29.04,29.93
29.05,42.30
29.06,41.76
29.07,41.22
29.08,40.68
29.09,40.14
29.10,39.60
29.11,24.42
29.12,9.23
29.13,-5.95
29.14,-21.14
29.15,-36.32
29.16,-35.88
29.17,-35.43
29.18,-34.99
29.19,-34.54
29.20,-34.10
29.21,-22.79
29.22,-11.48
29.23,-0.16
29.24,11.15
29.25,22.46
29.26,23.60
29.27,24.75
29.28,25.89
29.29,27.04
29.30,28.18
29.31,25.81
29.32,23.44
29.33,21.06
29.34,18.69
29.35,16.32
29.36,10.45
29.37,4.59
29.38,-1.28
29.39,-7.14
29.40,-13.01
29.41,-14.14
29.42,-15.27
29.43,-16.41
29.44,-17.54
29.45,-18.67
29.46,-11.98
29.47,-5.30
29.48,1.39
29.49,8.07
29.50,14.76
29.51,12.64
29.52,10.52
29.53,8.40
29.54,6.28
29.55,4.16
29.56,-2.15
29.57,-8.46
29.58,-14.77
29.59,-21.08
29.60,-27.39
29.61,-25.75
29.62,-24.10
29.63,-22.46
29.64,-20.81
29.65,-19.17
29.66,-12.74
29.67,-6.31
29.68,0.12
29.69,6.55
29.70,12.98
29.71,12.43
29.72,11.88
29.73,11.32
29.74,10.77
29.75,10.22
29.76,8.74
29.77,7.26
29.78,5.77
29.79,4.29
29.80,2.81
29.81,5.99
29.82,9.16
29.83,12.34
29.84,15.51
29.85,18.69
29.86,16.50
29.87,14.31
29.88,12.12
29.89,9.93
29.90,7.74
29.91,2.06
29.92,-3.62
29.93,-9.29
29.94,-14.97
29.95,-20.65
29.96,-17.86
29.97,-15.06
29.98,-12.27
29.99,-9.47
30.00,-6.68
30.01,-1.18
30.02,4.31
30.03,9.81
30.04,15.30
30.05,20.80
30.06,16.77
30.07,12.74
30.08,8.72
30.09,4.69
30.10,0.66
30.11,-3.74
30.12,-8.15
30.13,-12.55
30.14,-16.96
30.15,-21.36
30.16,-16.58
30.17,-11.80
30.18,-7.02
30.19,-2.24
30.20,2.54
30.21,4.42
30.22,6.30
30.23,8.17
30.24,10.05
30.25,11.93
30.26,7.26
30.27,2.59
30.28,-2.07
30.29,-6.74
30.30,-11.41
30.31,-11.99
30.32,-12.57
30.33,-13.14
30.34,-13.72
30.35,-14.30
30.36,-9.42
30.37,-4.54
30.38,0.34
30.39,5.22
30.40,10.10
30.41,10.20
30.42,10.30
30.43,10.40
30.44,10.50
30.45,10.60
30.46,6.83
30.47,3.06
30.48,-0.70
30.49,-4.47
30.50,-8.24
30.51,-9.24
30.52,-10.24
30.53,-11.25
30.54,-12.25
30.55,-13.25
30.56,-11.56
30.57,-9.86
30.58,-8.17
30.59,-6.47
30.60,-4.78
30.61,-2.28
30.62,0.22
30.63,2.73
30.64,5.23
30.65,7.73
30.66,6.99
30.67,6.24
30.68,5.50
30.69,4.75
30.70,4.01
30.71,3.36
30.72,2.72
30.73,2.07
30.74,1.43
30.75,0.78
30.76,1.35
30.77,1.92
30.78,2.49
30.79,3.06
30.80,3.63
30.81,4.48
30.82,5.34
30.83,6.19
30.84,7.05
30.85,7.90
30.86,7.29
30.87,6.68
30.88,6.08
30.89,5.47
30.90,4.86
30.91,3.53
30.92,2.20
30.93,0.86
30.94,-0.47
30.95,-1.80
30.96,-1.03
30.97,-0.27
30.98,0.50
30.99,1.26
31.00,2.03
31.01,1.29
31.02,0.55
31.03,-0.19
31.04,-0.93
31.05,-1.67
31.06,-2.28
31.07,-2.89
31.08,-3.50
31.09,-4.11
31.10,-4.72
31.11,-1.81
31.12,1.10
31.13,4.00
31.14,6.91
31.15,9.82
31.16,9.88
31.17,9.94
31.18,9.99
31.19,10.05
31.20,10.11
31.21,5.60
31.22,1.09
31.23,-3.43
31.24,-7.94
31.25,-12.45
31.26,-11.63
31.27,-10.80
31.28,-9.98
31.29,-9.15
31.30,-8.33
31.31,-5.44
31.32,-2.55
31.33,0.35
31.34,3.24
31.35,6.13
31.36,4.18
31.37,2.24
31.38,0.29
31.39,-1.65
31.40,-3.60
31.41,-3.56
31.42,-3.53
31.43,-3.49
31.44,-3.46
31.45,-3.42
31.46,-0.76
31.47,1.90
31.48,4.55
31.49,7.21
31.50,9.87
31.51,8.71
31.52,7.54
31.53,6.38
31.54,5.21
31.55,4.05
31.56,0.90
31.57,-2.24
31.58,-5.39
31.59,-8.53
31.60,-11.68
31.61,-8.08
31.62,-4.47
31.63,-0.87
31.64,2.74
31.65,6.34
31.66,5.41
31.67,4.48
31.68,3.56
31.69,2.63
31.70,1.70
31.71,-2.31
31.72,-6.32
31.73,-10.32
31.74,-14.33
31.75,-18.34
31.76,-14.66
31.77,-10.98
31.78,-7.30
31.79,-3.62
31.80,0.06
31.81,1.83
31.82,3.61
31.83,5.38
31.84,7.16
31.85,8.93
31.86,5.75
31.87,2.56
31.88,-0.62
31.89,-3.81
31.90,-6.99
31.91,-7.60
31.92,-8.20
31.93,-8.81
31.94,-9.41
31.95,-10.02
31.96,-7.47
31.97,-4.92
31.98,-2.38
31.99,0.17
32.00,2.72
32.01,1.42
32.02,0.11
32.03,-1.19
32.04,-2.50
32.05,-3.80
32.06,-2.15
32.07,-0.50
32.08,1.14
32.09,2.79
32.10,4.44
32.11,7.79
32.12,11.14
32.13,14.49
32.14,17.84
32.15,21.19
32.16,18.44
32.17,15.69
32.18,12.93
32.19,10.18
32.20,7.43
32.21,5.97
32.22,4.51
32.23,3.06
32.24,1.60
32.25,0.14
32.26,-0.06
32.27,-0.27
32.28,-0.47
32.29,-0.68
32.30,-0.88
32.31,-3.86
32.32,-6.84
32.33,-9.82
32.34,-12.80
32.35,-15.78
32.36,-14.77
32.37,-13.76
32.38,-12.74
32.39,-11.73
32.40,-10.72
32.41,-6.63
32.42,-2.54
32.43,1.56
32.44,5.65
32.45,9.74
32.46,9.45
32.47,9.17
32.48,8.88
32.49,8.60
32.50,8.31
32.51,6.01
32.52,3.71
32.53,1.40
32.54,-0.90
32.55,-3.20
32.56,-3.71
32.57,-4.22
32.58,-4.72
32.59,-5.23
32.60,-5.74
32.61,-5.38
32.62,-5.01
32.63,-4.65
32.64,-4.28
32.65,-3.92
32.66,-4.22
32.67,-4.52
32.68,-4.81
32.69,-5.11
32.70,-5.41
32.71,-2.89
32.72,-0.37
32.73,2.15
32.74,4.67
32.75,7.19
32.76,7.82
32.77,8.46
32.78,9.09
32.79,9.73
32.80,10.36
32.81,9.46
32.82,8.57
32.83,7.67
32.84,6.78
32.85,5.88
32.86,5.54
32.87,5.20
32.88,4.87
32.89,4.53
32.90,4.19
32.91,3.46
32.92,2.73
32.93,2.01
32.94,1.28
32.95,0.55
32.96,-1.54
32.97,-3.64
32.98,-5.73
32.99,-7.83
33.00,-9.92
33.01,-11.58
33.02,-13.24
33.03,-14.91
33.04,-16.57
33.05,-18.23
33.06,-13.06
33.07,-7.90
33.08,-2.73
33.09,2.43
33.10,7.60
33.11,8.69
33.12,9.78
33.13,10.88
33.14,11.97
33.15,13.06
33.16,9.30
33.17,5.54
33.18,1.79
33.19,-1.97
33.20,-5.73
33.21,-5.81
33.22,-5.89
33.23,-5.96
33.24,-6.04
33.25,-6.12
33.26,-3.31
33.27,-0.51
33.28,2.30
33.29,5.10
33.30,7.91
33.31,6.84
33.32,5.76
33.33,4.69
33.34,3.61
33.35,2.54
33.36,-0.59
33.37,-3.72
33.38,-6.85
33.39,-9.98
33.40,-13.11
33.41,-10.87
33.42,-8.63
33.43,-6.38
33.44,-4.14
33.45,-1.90
33.46,1.60
33.47,5.10
33.48,8.61
33.49,12.11
33.50,15.61
33.51,14.15
33.52,12.69
33.53,11.22
33.54,9.76
33.55,8.30
33.56,6.10
33.57,3.89
33.58,1.69
33.59,-0.52
33.60,-2.72
33.61,-3.59
33.62,-4.46
33.63,-5.34
33.64,-6.21
33.65,-7.08
33.66,-7.56
33.67,-8.04
33.68,-8.53
33.69,-9.01
33.70,-9.49
33.71,-7.50
33.72,-5.52
33.73,-3.53
33.74,-1.55
33.75,0.44
33.76,0.93
33.77,1.42
33.78,1.92
33.79,2.41
33.80,2.90
33.81,2.64
33.82,2.38
33.83,2.11
33.84,1.85
33.85,1.59
33.86,2.25
33.87,2.91
33.88,3.56
33.89,4.22
33.90,4.88
33.91,3.84
33.92,2.80
33.93,1.77
33.94,0.73
33.95,-0.31
33.96,1.59
33.97,3.49
33.98,5.39
33.99,7.29
34.00,9.19
34.01,6.48
34.02,3.78
34.03,1.07
34.04,-1.63
34.05,-4.34
34.06,-6.29
34.07,-8.23
34.08,-10.18
34.09,-12.12
34.10,-14.07
34.11,-10.19
34.12,-6.32
34.13,-2.44
34.14,1.43
34.15,5.31
34.16,4.57
34.17,3.83
34.18,3.10
34.19,2.36
34.20,1.62
34.21,1.06
34.22,0.49
34.23,-0.07
34.24,-0.64
34.25,-1.20
34.26,-1.79
34.27,-2.39
34.28,-2.98
34.29,-3.58
34.30,-4.17
34.31,-2.93
34.32,-1.68
34.33,-0.44
34.34,0.81
34.35,2.05
34.36,2.56
34.37,3.06
34.38,3.57
34.39,4.07
34.40,4.58
34.41,3.00
34.42,1.42
34.43,-0.16
34.44,-1.74
34.45,-3.32
34.46,-2.54
34.47,-1.76
34.48,-0.99
34.49,-0.21
34.50,0.57
34.51,0.23
34.52,-0.11
34.53,-0.44
34.54,-0.78
34.55,-1.12
34.56,-0.89
34.57,-0.65
34.58,-0.42
34.59,-0.18
34.60,0.05
34.61,0.89
34.62,1.73
34.63,2.56
34.64,3.40
34.65,4.24
34.66,2.74
34.67,1.24
34.68,-0.25
34.69,-1.75
34.70,-3.25
34.71,-2.81
34.72,-2.37
34.73,-1.93
34.74,-1.49
34.75,-1.05
34.76,-1.46
34.77,-1.87
34.78,-2.29
34.79,-2.70
34.80,-3.11
34.81,-3.14
34.82,-3.17
34.83,-3.20
34.84,-3.23
34.85,-3.26
34.86,-2.81
34.87,-2.36
34.88,-1.91
34.89,-1.46
34.90,-1.01
34.91,-2.05
34.92,-3.08
34.93,-4.12
34.94,-5.15
34.95,-6.19
34.96,-5.10
34.97,-4.01
34.98,-2.91
34.99,-1.82
35.00,-0.73
35.01,0.37
35.02,1.47
35.03,2.58
35.04,3.68
35.05,4.78
35.06,5.63
35.07,6.47
35.08,7.32
35.09,8.16
35.10,9.01
35.11,6.58
35.12,4.16
35.13,1.73
35.14,-0.69
35.15,-3.12
35.16,-2.53
35.17,-1.94
35.18,-1.35
35.19,-0.76
35.20,-0.17
35.21,2.57
35.22,5.31
35.23,8.04
35.24,10.78
35.25,13.52
35.26,10.16
35.27,6.79
35.28,3.43
35.29,0.06
35.30,-3.30
35.31,-3.91
35.32,-4.52
35.33,-5.13
35.34,-5.74
35.35,-6.35
35.36,-3.45
35.37,-0.56
35.38,2.34
35.39,5.23
35.40,8.13
35.41,6.16
35.42,4.19
35.43,2.21
35.44,0.24
35.45,-1.73
35.46,-3.03
35.47,-4.33
35.48,-5.64
35.49,-6.94
35.50,-8.24
35.51,-5.57
35.52,-2.91
35.53,-0.24
35.54,2.42
35.55,5.09
35.56,4.12
35.57,3.14
35.58,2.17
35.59,1.19
35.60,0.22
35.61,-1.42
35.62,-3.06
35.63,-4.69
35.64,-6.33
35.65,-7.97
35.66,-5.69
35.67,-3.42
35.68,-1.14
35.69,1.13
35.70,3.41
35.71,3.14
35.72,2.87
35.73,2.59
35.74,2.32
35.75,2.05
35.76,1.24
35.77,0.43
35.78,-0.38
35.79,-1.19
35.80,-2.00
35.81,-0.62
35.82,0.76
35.83,2.15
35.84,3.53
35.85,4.91
35.86,4.82
35.87,4.74
35.88,4.65
35.89,4.57
35.90,4.48
35.91,3.77
35.92,3.06
35.93,2.34
35.94,1.63
35.95,0.92
35.96,-1.65
35.97,-4.22
35.98,-6.79
35.99,-9.36
36.00,-11.93
36.01,-9.71
36.02,-7.49
36.03,-5.28
36.04,-3.06
36.05,-0.84
36.06,0.03
36.07,0.89
36.08,1.76
36.09,2.62
36.10,3.49
36.11,2.26
36.12,1.03
36.13,-0.21
36.14,-1.44
36.15,-2.67
36.16,-1.14
36.17,0.39
36.18,1.92
36.19,3.45
36.20,4.98
36.21,1.29
36.22,-2.39
36.23,-6.08
36.24,-9.76
36.25,-13.45
36.26,-10.94
36.27,-8.44
36.28,-5.93
36.29,-3.43
36.30,-0.92
36.31,-0.00
36.32,0.91
36.33,1.83
36.34,2.74
36.35,3.66
36.36,-0.03
36.37,-3.71
36.38,-7.40
36.39,-11.08
36.40,-14.77
36.41,-9.90
36.42,-5.03
36.43,-0.16
36.44,4.71
36.45,9.58
36.46,8.63
36.47,7.68
36.48,6.73
36.49,5.78
36.50,4.83
36.51,3.45
36.52,2.06
36.53,0.68
36.54,-0.71
36.55,-2.09
36.56,-2.31
36.57,-2.54
36.58,-2.76
36.59,-2.99
36.60,-3.21
36.61,-3.25
36.62,-3.29
36.63,-3.32
36.64,-3.36
36.65,-3.40
36.66,-0.84
36.67,1.71
36.68,4.27
36.69,6.82
36.70,9.38
36.71,5.68
36.72,1.98
36.73,-1.73
36.74,-5.43
36.75,-9.13
36.76,-7.35
36.77,-5.58
36.78,-3.80
36.79,-2.03
36.80,-0.25
36.81,1.39
36.82,3.03
36.83,4.68
36.84,6.32
36.85,7.96
36.86,6.12
36.87,4.28
36.88,2.45
36.89,0.61
36.90,-1.23
36.91,-0.09
36.92,1.05
36.93,2.18
36.94,3.32
36.95,4.46
36.96,3.52
36.97,2.58
36.98,1.63
36.99,0.69
37.00,-0.25
37.01,-0.90
37.02,-1.56
37.03,-2.21
37.04,-2.87
37.05,-3.52
37.06,-1.15
37.07,1.22
37.08,3.60
37.09,5.97
37.10,8.34
37.11,9.00
37.12,9.67
37.13,10.33
37.14,11.00
37.15,11.66
37.16,8.33
37.17,5.01
37.18,1.68
37.19,-1.64
37.20,-4.97
37.21,-5.80
37.22,-6.62
37.23,-7.45
37.24,-8.27
37.25,-9.10
37.26,-6.26
37.27,-3.42
37.28,-0.59
37.29,2.25
37.30,5.09
37.31,4.49
37.32,3.90
37.33,3.30
37.34,2.71
37.35,2.11
37.36,1.22
37.37,0.33
37.38,-0.55
37.39,-1.44
37.40,-2.33
37.41,-1.36
37.42,-0.39
37.43,0.57
37.44,1.54
37.45,2.51
37.46,2.03
37.47,1.56
37.48,1.08
37.49,0.61
37.50,0.13
37.51,-0.92
37.52,-1.97
37.53,-3.01
37.54,-4.06
37.55,-5.11
37.56,-5.13
37.57,-5.14
37.58,-5.16
37.59,-5.17
37.60,-5.19
37.61,-3.01
37.62,-0.83
37.63,1.35
37.64,3.53
37.65,5.71
37.66,5.36
37.67,5.02
37.68,4.67
37.69,4.33
37.70,3.98
37.71,0.81
37.72,-2.36
37.73,-5.52
37.74,-8.69
37.75,-11.86
37.76,-10.24
37.77,-8.62
37.78,-6.99
37.79,-5.37
37.80,-3.75
37.81,-1.77
37.82,0.22
37.83,2.20
37.84,4.19
37.85,6.17
37.86,4.09
37.87,2.01
37.88,-0.08
37.89,-2.16
37.90,-4.24
37.91,-3.53
37.92,-2.82
37.93,-2.10
37.94,-1.39
37.95,-0.68
37.96,1.47
37.97,3.62
37.98,5.77
37.99,7.92
38.00,10.07
38.01,7.91
38.02,5.76
38.03,3.60
38.04,1.45
38.05,-0.71
38.06,-2.45
38.07,-4.19
38.08,-5.93
38.09,-7.67
38.10,-9.41
38.11,-6.82
38.12,-4.24
38.13,-1.65
38.14,0.93
38.15,3.52
38.16,3.57
38.17,3.62
38.18,3.68
38.19,3.73
38.20,3.78
38.21,3.83
38.22,3.88
38.23,3.94
38.24,3.99
38.25,4.04
38.26,3.65
38.27,3.26
38.28,2.87
38.29,2.48
38.30,2.09
38.31,0.10
38.32,-1.89
38.33,-3.87
38.34,-5.86
38.35,-7.85
38.36,-6.54
38.37,-5.22
38.38,-3.91
38.39,-2.59
38.40,-1.28
38.41,-1.21
38.42,-1.14
38.43,-1.06
38.44,-0.99
38.45,-0.92
38.46,-1.44
38.47,-1.95
38.48,-2.47
38.49,-2.98
38.50,-3.50
38.51,-2.37
38.52,-1.24
38.53,-0.11
38.54,1.02
38.55,2.15
38.56,3.05
38.57,3.94
38.58,4.84
38.59,5.73
38.60,6.63
38.61,5.73
38.62,4.82
38.63,3.92
38.64,3.01
38.65,2.11
38.66,1.24
38.67,0.36
38.68,-0.51
38.69,-1.39
38.70,-2.26
38.71,-2.17
38.72,-2.08
38.73,-1.98
38.74,-1.89
38.75,-1.80
38.76,-2.04
38.77,-2.27
38.78,-2.51
38.79,-2.74
38.80,-2.98
38.81,-1.61
38.82,-0.25
38.83,1.12
38.84,2.48
38.85,3.85
38.86,4.89
38.87,5.92
38.88,6.96
38.89,7.99
38.90,9.03
38.91,6.62
38.92,4.21
38.93,1.80
38.94,-0.61
38.95,-3.02
38.96,-4.22
38.97,-5.42
38.98,-6.62
38.99,-7.82
39.00,-9.02
39.01,-6.97
39.02,-4.93
39.03,-2.88
39.04,-0.84
39.05,1.21
39.06,1.72
39.07,2.23
39.08,2.73
39.09,3.24
39.10,3.75
39.11,2.38
39.12,1.00
39.13,-0.37
39.14,-1.75
39.15,-3.12
39.16,-3.39
39.17,-3.66
39.18,-3.94
39.19,-4.21
39.20,-4.48
39.21,-4.11
39.22,-3.74
39.23,-3.37
39.24,-3.00
39.25,-2.63
39.26,-1.23
39.27,0.17
39.28,1.58
39.29,2.98
39.30,4.38
39.31,5.14
39.32,5.90
39.33,6.65
39.34,7.41
39.35,8.17
39.36,7.81
39.37,7.45
39.38,7.08
39.39,6.72
39.40,6.36
39.41,6.15
39.42,5.93
39.43,5.72
39.44,5.50
39.45,5.29
39.46,3.64
39.47,1.99
39.48,0.35
39.49,-1.30
39.50,-2.95
39.51,-3.34
39.52,-3.73
39.53,-4.11
39.54,-4.50
39.55,-4.89
39.56,-3.14
39.57,-1.39
39.58,0.37
39.59,2.12
39.60,3.87
39.61,4.65
39.62,5.43
39.63,6.22
39.64,7.00
39.65,7.78
39.66,5.92
39.67,4.06
39.68,2.20
39.69,0.34
39.70,-1.52
39.71,-3.03
39.72,-4.54
39.73,-6.04
39.74,-7.55
39.75,-9.06
39.76,-8.19
39.77,-7.32
39.78,-6.45
39.79,-5.58
39.80,-4.71
39.81,-2.40
39.82,-0.09
39.83,2.22
39.84,4.53
39.85,6.84
39.86,7.05
39.87,7.26
39.88,7.48
39.89,7.69
39.90,7.90
39.91,4.33
39.92,0.75
39.93,-2.82
39.94,-6.40
39.95,-9.97
39.96,-10.30
39.97,-10.63
39.98,-10.97
39.99,-11.30
40.00,-11.63
40.01,-8.01
40.02,-4.39
40.03,-0.76
40.04,2.86
40.05,6.48
40.06,7.24
40.07,7.99
40.08,8.75
40.09,9.50
40.10,10.26
40.11,8.08
40.12,5.90
40.13,3.73
40.14,1.55
40.15,-0.63
40.16,-2.46
40.17,-4.29
40.18,-6.11
40.19,-7.94
40.20,-9.77
40.21,-8.41
40.22,-7.05
40.23,-5.68
40.24,-4.32
40.25,-2.96
40.26,-1.73
40.27,-0.50
40.28,0.72
40.29,1.95
40.30,3.18
40.31,2.66
40.32,2.14
40.33,1.63
40.34,1.11
40.35,0.59
40.36,1.44
40.37,2.29
40.38,3.15
40.39,4.00
40.40,4.85
40.41,4.20
40.42,3.55
40.43,2.90
40.44,2.25
40.45,1.60
40.46,1.12
40.47,0.64
40.48,0.15
40.49,-0.33
40.50,-0.81
40.51,-0.79
40.52,-0.76
40.53,-0.74
40.54,-0.71
40.55,-0.69
40.56,0.00
40.57,0.69
40.58,1.38
40.59,2.07
40.60,2.76
40.61,3.51
40.62,4.27
40.63,5.02
40.64,5.78
40.65,6.53
40.66,4.49
40.67,2.45
40.68,0.40
40.69,-1.64
40.70,-3.68
40.71,-2.78
40.72,-1.89
40.73,-0.99
40.74,-0.10
40.75,0.80
40.76,0.44
40.77,0.09
40.78,-0.27
40.79,-0.62
40.80,-0.98
40.81,-1.38
40.82,-1.78
40.83,-2.17
40.84,-2.57
40.85,-2.97
40.86,-2.22
40.87,-1.46
40.88,-0.71
40.89,0.05
40.90,0.80
40.91,-0.30
40.92,-1.39
40.93,-2.49
40.94,-3.58
40.95,-4.68
40.96,-3.24
40.97,-1.79
40.98,-0.35
40.99,1.10
41.00,2.54
41.01,2.74
41.02,2.94
41.03,3.15
41.04,3.35
41.05,3.55
41.06,2.95
41.07,2.35
41.08,1.74
41.09,1.14
41.10,0.54
41.11,-0.28
41.12,-1.10
41.13,-1.92
41.14,-2.74
41.15,-3.56
41.16,-2.54
41.17,-1.52
41.18,-0.50
41.19,0.52
41.20,1.54
41.21,2.30
41.22,3.06
41.23,3.82
41.24,4.58
41.25,5.34
41.26,4.13
41.27,2.92
41.28,1.70
41.29,0.49
41.30,-0.72
41.31,-1.23
41.32,-1.73
41.33,-2.24
41.34,-2.74
41.35,-3.25
41.36,-3.25
41.37,-3.26
41.38,-3.26
41.39,-3.27
41.40,-3.27
41.41,-2.75
41.42,-2.23
41.43,-1.71
41.44,-1.19
41.45,-0.67
41.46,-0.62
41.47,-0.57
41.48,-0.52
41.49,-0.47
41.50,-0.42
41.51,0.00
41.52,0.43
41.53,0.85
41.54,1.28
41.55,1.70
41.56,1.52
41.57,1.33
41.58,1.15
41.59,0.96
41.60,0.78
41.61,0.31
41.62,-0.16
41.63,-0.64
41.64,-1.11
41.65,-1.58
41.66,-1.81
41.67,-2.04
41.68,-2.27
41.69,-2.50
41.70,-2.73
41.71,-2.68
41.72,-2.63
41.73,-2.58
41.74,-2.53
41.75,-2.48
41.76,-2.31
41.77,-2.14
41.78,-1.97
41.79,-1.80
41.80,-1.63
41.81,-0.62
41.82,0.40
41.83,1.41
41.84,2.43
41.85,3.44
41.86,2.74
41.87,2.05
41.88,1.35
41.89,0.66
41.90,-0.04
41.91,-1.10
41.92,-2.16
41.93,-3.23
41.94,-4.29
41.95,-5.35
41.96,-3.86
41.97,-2.37
41.98,-0.88
41.99,0.61
42.00,2.10
42.01,3.00
42.02,3.91
42.03,4.81
42.04,5.72
42.05,6.62
42.06,5.35
42.07,4.08
42.08,2.80
42.09,1.53
42.10,0.26
42.11,-0.87
42.12,-1.99
42.13,-3.12
42.14,-4.24
42.15,-5.37
42.16,-4.34
42.17,-3.31
42.18,-2.27
42.19,-1.24
42.20,-0.21
42.21,-0.14
42.22,-0.08
42.23,-0.01
42.24,0.05
42.25,0.12
42.26,-0.42
42.27,-0.96
42.28,-1.50
42.29,-2.04
42.30,-2.58
42.31,-2.72
42.32,-2.87
42.33,-3.01
42.34,-3.16
42.35,-3.30
42.36,-2.69
42.37,-2.08
42.38,-1.48
42.39,-0.87
42.40,-0.26
42.41,-0.18
42.42,-0.11
42.43,-0.03
42.44,0.04
42.45,0.12
42.46,0.00
42.47,-0.11
42.48,-0.23
42.49,-0.34
42.50,-0.46
42.51,-0.44
42.52,-0.42
42.53,-0.39
42.54,-0.37
42.55,-0.35
42.56,-1.27
42.57,-2.19
42.58,-3.12
42.59,-4.04
42.60,-4.96
42.61,-3.34
42.62,-1.73
42.63,-0.11
42.64,1.50
42.65,3.12
42.66,3.63
42.67,4.15
42.68,4.66
42.69,5.18
42.70,5.69
42.71,4.59
42.72,3.50
42.73,2.40
42.74,1.31
42.75,0.21
42.76,0.06
42.77,-0.09
42.78,-0.23
42.79,-0.38
42.80,-0.53
42.81,0.41
42.82,1.35
42.83,2.29
42.84,3.23
42.85,4.17
42.86,2.68
42.87,1.20
42.88,-0.29
42.89,-1.77
42.90,-3.26
42.91,-4.23
42.92,-5.20
42.93,-6.17
42.94,-7.14
42.95,-8.11
42.96,-5.76
42.97,-3.42
42.98,-1.07
42.99,1.27
43.00,3.62
43.01,2.02
43.02,0.42
43.03,-1.18
43.04,-2.78
43.05,-4.38
43.06,-3.87
43.07,-3.35
43.08,-2.84
43.09,-2.32
43.10,-1.81
43.11,-0.65
43.12,0.52
43.13,1.68
43.14,2.85
43.15,4.01
43.16,2.69
43.17,1.37
43.18,0.05
43.19,-1.27
43.20,-2.59
43.21,-1.72
43.22,-0.85
43.23,0.01
43.24,0.88
43.25,1.75
43.26,2.31
43.27,2.87
43.28,3.43
43.29,3.99
43.30,4.55
43.31,4.38
43.32,4.22
43.33,4.05
43.34,3.89
43.35,3.72
43.36,3.64
43.37,3.57
43.38,3.49
43.39,3.42
43.40,3.34
43.41,3.41
43.42,3.49
43.43,3.56
43.44,3.64
43.45,3.71
43.46,3.07
43.47,2.43
43.48,1.78
43.49,1.14
43.50,0.50
43.51,-0.08
43.52,-0.66
43.53,-1.23
43.54,-1.81
43.55,-2.39
43.56,-2.39
43.57,-2.39
43.58,-2.38
43.59,-2.38
43.60,-2.38
43.61,-2.33
43.62,-2.29
43.63,-2.24
43.64,-2.20
43.65,-2.15
43.66,-2.01
43.67,-1.87
43.68,-1.72
43.69,-1.58
43.70,-1.44
43.71,-0.93
43.72,-0.43
43.73,0.08
43.74,0.58
43.75,1.09
43.76,1.39
43.77,1.69
43.78,2.00
43.79,2.30
43.80,2.60
43.81,1.99
43.82,1.39
43.83,0.78
43.84,0.18
43.85,-0.43
43.86,-0.10
43.87,0.23
43.88,0.55
43.89,0.88
43.90,1.21
43.91,1.61
43.92,2.01
43.93,2.41
43.94,2.81
43.95,3.21
43.96,2.72
43.97,2.23
43.98,1.75
43.99,1.26
44.00,0.77
44.01,0.66
44.02,0.55
44.03,0.43
44.04,0.32
44.05,0.21
44.06,0.20
44.07,0.18
44.08,0.17
44.09,0.15
44.10,0.14
44.11,-0.04
44.12,-0.21
44.13,-0.39
44.14,-0.56
44.15,-0.74
44.16,-0.06
44.17,0.62
44.18,1.29
44.19,1.97
44.20,2.65
44.21,2.03
44.22,1.41
44.23,0.79
44.24,0.17
44.25,-0.45
44.26,-0.97
44.27,-1.49
44.28,-2.01
44.29,-2.53
44.30,-3.05
44.31,-2.52
44.32,-1.99
44.33,-1.45
44.34,-0.92
44.35,-0.39
44.36,-0.83
44.37,-1.27
44.38,-1.72
44.39,-2.16
44.40,-2.60
44.41,-2.15
44.42,-1.71
44.43,-1.26
44.44,-0.82
44.45,-0.37
44.46,-0.20
44.47,-0.04
44.48,0.13
44.49,0.29
44.50,0.46
44.51,0.08
44.52,-0.30
44.53,-0.67
44.54,-1.05
44.55,-1.43
44.56,-1.65
44.57,-1.87
44.58,-2.10
44.59,-2.32
44.60,-2.54
44.61,-1.78
44.62,-1.02
44.63,-0.26
44.64,0.50
44.65,1.26
44.66,1.84
44.67,2.42
44.68,2.99
44.69,3.57
44.70,4.15
44.71,3.07
44.72,2.00
44.73,0.92
44.74,-0.15
44.75,-1.23
44.76,-1.08
44.77,-0.93
44.78,-0.79
44.79,-0.64
44.80,-0.49
44.81,0.16
44.82,0.80
44.83,1.45
44.84,2.09
44.85,2.74
44.86,1.79
44.87,0.84
44.88,-0.10
44.89,-1.05
44.90,-2.00
44.91,-2.24
44.92,-2.47
44.93,-2.71
44.94,-2.94
44.95,-3.18
44.96,-2.62
44.97,-2.05
44.98,-1.49
44.99,-0.92
45.00,-0.36
45.01,-0.59
45.02,-0.83
45.03,-1.06
45.04,-1.30
45.05,-1.53
45.06,-1.23
45.07,-0.93
45.08,-0.64
45.09,-0.34
45.10,-0.04
45.11,-0.24
45.12,-0.45
45.13,-0.65
45.14,-0.86
45.15,-1.06
45.16,-2.16
45.17,-3.25
45.18,-4.35
45.19,-5.44
45.20,-6.54
45.21,-5.30
45.22,-4.06
45.23,-2.81
45.24,-1.57
45.25,-0.33
45.26,1.70
45.27,3.73
45.28,5.77
45.29,7.80
45.30,9.83
45.31,8.21
45.32,6.59
45.33,4.97
45.34,3.35
45.35,1.73
45.36,0.20
45.37,-1.32
45.38,-2.85
45.39,-4.37
45.40,-5.90
45.41,-4.20
45.42,-2.49
45.43,-0.79
45.44,0.92
45.45,2.62
45.46,3.12
45.47,3.62
45.48,4.12
45.49,4.62
45.50,5.12
45.51,3.85
45.52,2.58
45.53,1.31
45.54,0.04
45.55,-1.23
45.56,-2.49
45.57,-3.75
45.58,-5.00
45.59,-6.26
45.60,-7.52
45.61,-5.98
45.62,-4.44
45.63,-2.91
45.64,-1.37
45.65,0.17
45.66,1.95
45.67,3.73
45.68,5.52
45.69,7.30
45.70,9.08
45.71,7.85
45.72,6.62
45.73,5.40
45.74,4.17
45.75,2.94
45.76,1.90
45.77,0.86
45.78,-0.17
45.79,-1.21
45.80,-2.25
45.81,-2.74
45.82,-3.23
45.83,-3.73
45.84,-4.22
45.85,-4.71
45.86,-2.51
45.87,-0.32
45.88,1.88
45.89,4.07
45.90,6.27
45.91,4.70
45.92,3.12
45.93,1.55
45.94,-0.03
45.95,-1.60
45.96,-3.19
45.97,-4.78
45.98,-6.36
45.99,-7.95
46.00,-9.54
46.01,-5.06
46.02,-0.59
46.03,3.89
46.04,8.36
46.05,12.84
46.06,9.66
46.07,6.47
46.08,3.29
46.09,0.10
46.10,-3.08
46.11,-6.13
46.12,-9.18
46.13,-12.22
46.14,-15.27
46.15,-18.32
46.16,-13.17
46.17,-8.03
46.18,-2.88
46.19,2.26
46.20,7.41
46.21,8.56
46.22,9.71
46.23,10.87
46.24,12.02
46.25,13.17
46.26,9.44
46.27,5.71
46.28,1.97
46.29,-1.76
46.30,-5.49
46.31,-6.04
46.32,-6.59
46.33,-7.14
46.34,-7.69
46.35,-8.24
46.36,-4.39
46.37,-0.54
46.38,3.32
46.39,7.17
46.40,11.02
46.41,9.28
46.42,7.53
46.43,5.79
46.44,4.04
46.45,2.30
46.46,0.85
46.47,-0.60
46.48,-2.05
46.49,-3.50
46.50,-4.95
46.51,-3.67
46.52,-2.39
46.53,-1.11
46.54,0.17
46.55,1.45
46.56,1.14
46.57,0.83
46.58,0.51
46.59,0.20
46.60,-0.11
46.61,1.13
46.62,2.37
46.63,3.60
46.64,4.84
46.65,6.08
46.66,4.74
46.67,3.40
46.68,2.05
46.69,0.71
46.70,-0.63
46.71,-1.47
46.72,-2.31
46.73,-3.15
46.74,-3.99
46.75,-4.83
46.76,-3.58
46.77,-2.32
46.78,-1.07
46.79,0.19
46.80,1.44
46.81,1.45
46.82,1.47
46.83,1.48
46.84,1.50
46.85,1.51
46.86,0.29
46.87,-0.92
46.88,-2.14
46.89,-3.35
46.90,-4.57
46.91,-4.01
46.92,-3.45
46.93,-2.90
46.94,-2.34
46.95,-1.78
46.96,-0.79
46.97,0.21
46.98,1.20
46.99,2.20
47.00,3.19
47.01,3.18
47.02,3.17
47.03,3.17
47.04,3.16
47.05,3.15
47.06,1.86
47.07,0.56
47.08,-0.73
47.09,-2.03
47.10,-3.32
47.11,-2.81
47.12,-2.30
47.13,-1.80
47.14,-1.29
47.15,-0.78
47.16,-0.54
47.17,-0.30
47.18,-0.07
47.19,0.17
47.20,0.41
47.21,0.18
47.22,-0.04
47.23,-0.27
47.24,-0.49
47.25,-0.72
47.26,-1.01
47.27,-1.31
47.28,-1.60
47.29,-1.90
47.30,-2.19
47.31,-3.40
47.32,-4.61
47.33,-5.82
47.34,-7.03
47.35,-8.24
47.36,-4.78
47.37,-1.32
47.38,2.15
47.39,5.61
47.40,9.07
47.41,7.44
47.42,5.82
47.43,4.19
47.44,2.57
47.45,0.94
47.46,-2.04
47.47,-5.02
47.48,-7.99
47.49,-10.97
47.50,-13.95
47.51,-11.93
47.52,-9.92
47.53,-7.90
47.54,-5.89
47.55,-3.87
47.56,-6.18
47.57,-8.49
47.58,-10.79
47.59,-13.10
47.60,-15.41
47.61,-10.56
47.62,-5.70
47.63,-0.85
47.64,4.01
47.65,8.86
47.66,16.55
47.67,24.24
47.68,31.92
47.69,39.61
47.70,47.30
47.71,35.19
47.72,23.07
47.73,10.96
47.74,-1.16
47.75,-13.27
47.76,-16.31
47.77,-19.34
47.78,-22.38
47.79,-25.41
47.80,-28.45
47.81,-18.20
47.82,-7.94
47.83,2.31
47.84,12.57
47.85,22.82
47.86,21.88
47.87,20.94
47.88,20.00
47.89,19.06
47.90,18.12
47.91,10.51
47.92,2.90
47.93,-4.71
47.94,-12.32
47.95,-19.93
47.96,-21.37
47.97,-22.81
47.98,-24.26
47.99,-25.70
48.00,-27.14
48.01,-17.48
48.02,-7.81
48.03,1.85
48.04,11.52
48.05,21.18
48.06,19.33
48.07,17.47
48.08,15.62
48.09,13.76
48.10,11.91
48.11,4.73
48.12,-2.45
48.13,-9.64
48.14,-16.82
48.15,-24.00
48.16,-19.43
48.17,-14.85
48.18,-10.28
48.19,-5.70
48.20,-1.13
48.21,1.92
48.22,4.98
48.23,8.03
48.24,11.09
48.25,14.14
48.26,10.16
48.27,6.18
48.28,2.21
48.29,-1.77
48.30,-5.75
48.31,-4.52
48.32,-3.29
48.33,-2.05
48.34,-0.82
48.35,0.41
48.36,2.66
48.37,4.92
48.38,7.17
48.39,9.43
48.40,11.68
48.41,10.50
48.42,9.32
48.43,8.14
48.44,6.96
48.45,5.78
48.46,4.11
48.47,2.43
48.48,0.76
48.49,-0.92
48.50,-2.59
48.51,-2.45
48.52,-2.31
48.53,-2.18
48.54,-2.04
48.55,-1.90
48.56,1.22
48.57,4.34
48.58,7.45
48.59,10.57
48.60,13.69
48.61,11.42
48.62,9.15
48.63,6.87
48.64,4.60
48.65,2.33
48.66,-2.28
48.67,-6.88
48.68,-11.49
48.69,-16.09
48.70,-20.70
48.71,-16.47
48.72,-12.23
48.73,-8.00
48.74,-3.76
48.75,0.47
48.76,3.92
48.77,7.37
48.78,10.81
48.79,14.26
48.80,17.71
48.81,14.09
48.82,10.46
48.83,6.84
48.84,3.21
48.85,-0.41
48.86,-2.86
48.87,-5.31
48.88,-7.76
48.89,-10.21
48.90,-12.66
48.91,-10.43
48.92,-8.20
48.93,-5.97
48.94,-3.74
48.95,-1.51
48.96,2.88
48.97,7.26
48.98,11.65
48.99,16.03
49.00,20.42
49.01,15.02
49.02,9.62
49.03,4.21
49.04,-1.19
49.05,-6.59
49.06,-10.93
49.07,-15.28
49.08,-19.62
49.09,-23.97
49.10,-28.31
49.11,-19.27
49.12,-10.23
49.13,-1.18
49.14,7.86
49.15,16.90
49.16,17.66
49.17,18.41
49.18,19.17
49.19,19.92
49.20,20.68
49.21,13.36
49.22,6.03
49.23,-1.29
49.24,-8.62
49.25,-15.94
49.26,-14.21
49.27,-12.48
49.28,-10.75
49.29,-9.02
49.30,-7.29
49.31,-2.90
49.32,1.49
49.33,5.88
49.34,10.27
49.35,14.66
49.36,11.75
49.37,8.84
49.38,5.92
49.39,3.01
49.40,0.10
49.41,-2.84
49.42,-5.77
49.43,-8.71
49.44,-11.64
49.45,-14.58
49.46,-11.65
49.47,-8.72
49.48,-5.79
49.49,-2.86
49.50,0.07
49.51,0.24
49.52,0.41
49.53,0.58
49.54,0.75
49.55,0.92
49.56,-0.05
49.57,-1.02
49.58,-1.98
49.59,-2.95
49.60,-3.92
49.61,-3.08
49.62,-2.23
49.63,-1.39
49.64,-0.54
49.65,0.30
49.66,0.73
49.67,1.17
49.68,1.60
49.69,2.04
49.70,2.47
49.71,1.75
49.72,1.03
49.73,0.30
49.74,-0.42
49.75,-1.14
49.76,-1.45
49.77,-1.76
49.78,-2.08
49.79,-2.39
49.80,-2.70
49.81,-1.63
49.82,-0.56
49.83,0.50
49.84,1.57
49.85,2.64
49.86,2.98
49.87,3.33
49.88,3.67
49.89,4.02
49.90,4.36
49.91,2.80
49.92,1.24
49.93,-0.33
49.94,-1.89
49.95,-3.45
49.96,-5.42
49.97,-7.38
49.98,-9.35
49.99,-11.31
50.00,-13.28
50.01,-10.53
50.02,-7.78
50.03,-5.04
50.04,-2.29
50.05,0.46
50.06,1.98
50.07,3.50
50.08,5.03
50.09,6.55
50.10,8.07
50.11,5.87
50.12,3.68
50.13,1.48
50.14,-0.71
50.15,-2.91
50.16,-2.99
50.17,-3.07
50.18,-3.15
50.19,-3.23
50.20,-3.31
50.21,-2.81
50.22,-2.30
50.23,-1.80
50.24,-1.29
50.25,-0.79
50.26,-0.57
50.27,-0.36
50.28,-0.14
50.29,0.07
50.30,0.29
50.31,-0.24
50.32,-0.78
50.33,-1.31
50.34,-1.85
50.35,-2.38
50.36,-0.75
50.37,0.87
50.38,2.50
50.39,4.12
50.40,5.75
50.41,5.21
50.42,4.67
50.43,4.13
50.44,3.59
50.45,3.05
50.46,1.17
50.47,-0.71
50.48,-2.60
50.49,-4.48
50.50,-6.36
50.51,-4.77
50.52,-3.19
50.53,-1.60
50.54,-0.02
50.55,1.57
50.56,2.38
50.57,3.18
50.58,3.99
50.59,4.79
50.60,5.60
50.61,4.30
50.62,3.00
50.63,1.69
50.64,0.39
50.65,-0.91
50.66,-1.51
50.67,-2.11
50.68,-2.72
50.69,-3.32
50.70,-3.92
50.71,-2.89
50.72,-1.85
50.73,-0.82
50.74,0.22
50.75,1.25
50.76,1.13
50.77,1.02
50.78,0.90
50.79,0.79
50.80,0.67
50.81,1.19
50.82,1.72
50.83,2.24
50.84,2.77
50.85,3.29
50.86,2.61
50.87,1.93
50.88,1.26
50.89,0.58
50.90,-0.10
50.91,-0.80
50.92,-1.50
50.93,-2.19
50.94,-2.89
50.95,-3.59
50.96,-2.28
50.97,-0.96
50.98,0.35
50.99,1.67
51.00,2.98
51.01,3.01
51.02,3.04
51.03,3.07
51.04,3.10
51.05,3.13
51.06,1.59
51.07,0.05
51.08,-1.50
51.09,-3.04
51.10,-4.58
51.11,-4.88
51.12,-5.17
51.13,-5.47
51.14,-5.76
51.15,-6.06
51.16,-4.34
51.17,-2.62
51.18,-0.91
51.19,0.81
51.20,2.53
51.21,2.01
51.22,1.49
51.23,0.96
51.24,0.44
51.25,-0.08
51.26,-0.21
51.27,-0.34
51.28,-0.47
51.29,-0.60
51.30,-0.73
51.31,-0.76
51.32,-0.78
51.33,-0.81
51.34,-0.83
51.35,-0.86
51.36,-0.70
51.37,-0.54
51.38,-0.37
51.39,-0.21
51.40,-0.05
51.41,-0.18
51.42,-0.30
51.43,-0.43
51.44,-0.55
51.45,-0.68
51.46,-1.54
51.47,-2.40
51.48,-3.27
51.49,-4.13
51.50,-4.99
51.51,-3.71
51.52,-2.43
51.53,-1.16
51.54,0.12
51.55,1.40
51.56,1.46
51.57,1.52
51.58,1.58
51.59,1.64
51.60,1.70
51.61,1.23
51.62,0.75
51.63,0.28
51.64,-0.20
51.65,-0.67
51.66,-0.34
51.67,-0.01
51.68,0.33
51.69,0.66
51.70,0.99
51.71,1.66
51.72,2.33
51.73,2.99
51.74,3.66
51.75,4.33
51.76,3.61
51.77,2.89
51.78,2.18
51.79,1.46
51.80,0.74
51.81,0.23
51.82,-0.28
51.83,-0.80
51.84,-1.31
51.85,-1.82
51.86,-0.95
51.87,-0.09
51.88,0.78
51.89,1.64
51.90,2.51
51.91,2.32
51.92,2.12
51.93,1.93
51.94,1.73
51.95,1.54
51.96,1.87
51.97,2.19
51.98,2.52
51.99,2.84
52.00,3.17
52.01,2.29
52.02,1.40
52.03,0.52
52.04,-0.37
52.05,-1.25
52.06,-1.93
52.07,-2.61
52.08,-3.29
52.09,-3.97
52.10,-4.65
52.11,-3.31
52.12,-1.97
52.13,-0.64
52.14,0.70
52.15,2.04
52.16,1.70
52.17,1.35
52.18,1.01
52.19,0.66
52.20,0.32
52.21,-0.05
52.22,-0.43
52.23,-0.80
52.24,-1.18
52.25,-1.55
52.26,-0.79
52.27,-0.02
52.28,0.74
52.29,1.51
52.30,2.27
52.31,2.80
52.32,3.32
52.33,3.85
52.34,4.37
52.35,4.90
52.36,3.17
52.37,1.45
52.38,-0.28
52.39,-2.00
52.40,-3.73
52.41,-3.87
52.42,-4.01
52.43,-4.14
52.44,-4.28
52.45,-4.42
52.46,-1.74
52.47,0.94
52.48,3.63
52.49,6.31
52.50,8.99
52.51,7.69
52.52,6.38
52.53,5.08
52.54,3.77
52.55,2.47
52.56,0.60
52.57,-1.27
52.58,-3.14
52.59,-5.01
52.60,-6.88
52.61,-5.21
52.62,-3.54
52.63,-1.87
52.64,-0.20
52.65,1.47
52.66,3.11
52.67,4.75
52.68,6.39
52.69,8.03
52.70,9.67
52.71,7.64
52.72,5.61
52.73,3.57
52.74,1.54
52.75,-0.49
52.76,-1.52
52.77,-2.55
52.78,-3.57
52.79,-4.60
52.80,-5.63
52.81,-4.59
52.82,-3.55
52.83,-2.52
52.84,-1.48
52.85,-0.44
52.86,-0.29
52.87,-0.15
52.88,-0.00
52.89,0.14
52.90,0.29
52.91,-0.26
52.92,-0.80
52.93,-1.35
52.94,-1.89
52.95,-2.44
52.96,-2.58
52.97,-2.72
52.98,-2.87
52.99,-3.01
53.00,-3.15
53.01,-2.11
53.02,-1.07
53.03,-0.03
53.04,1.01
53.05,2.05
53.06,1.48
53.07,0.91
53.08,0.34
53.09,-0.23
53.10,-0.80
53.11,-2.01
53.12,-3.22
53.13,-4.43
53.14,-5.64
53.15,-6.85
53.16,-6.12
53.17,-5.39
53.18,-4.65
53.19,-3.92
53.20,-3.19
53.21,-1.21
53.22,0.77
53.23,2.76
53.24,4.74
53.25,6.72
53.26,5.26
53.27,3.81
53.28,2.35
53.29,0.90
53.30,-0.56
53.31,-1.43
53.32,-2.30
53.33,-3.18
53.34,-4.05
53.35,-4.92
53.36,-3.14
53.37,-1.36
53.38,0.41
53.39,2.19
53.40,3.97
53.41,4.15
53.42,4.34
53.43,4.52
53.44,4.71
53.45,4.89
53.46,3.34
53.47,1.79
53.48,0.24
53.49,-1.31
53.50,-2.86
53.51,-2.99
53.52,-3.13
53.53,-3.26
53.54,-3.40
53.55,-3.53
53.56,-1.85
53.57,-0.17
53.58,1.51
53.59,3.19
53.60,4.87
53.61,4.35
53.62,3.83
53.63,3.30
53.64,2.78
53.65,2.26
53.66,0.18
53.67,-1.90
53.68,-3.99
53.69,-6.07
53.70,-8.15
53.71,-7.20
53.72,-6.25
53.73,-5.29
53.74,-4.34
53.75,-3.39
53.76,-1.83
53.77,-0.26
53.78,1.30
53.79,2.87
53.80,4.43
53.81,2.82
53.82,1.20
53.83,-0.41
53.84,-2.03
53.85,-3.64
53.86,-3.65
53.87,-3.67
53.88,-3.68
53.89,-3.70
53.90,-3.71
53.91,-3.00
53.92,-2.29
53.93,-1.58
53.94,-0.87
53.95,-0.16
53.96,0.37
53.97,0.90
53.98,1.43
53.99,1.96
54.00,2.49
54.01,2.42
54.02,2.36
54.03,2.29
54.04,2.23
54.05,2.16
54.06,1.30
54.07,0.44
54.08,-0.41
54.09,-1.27
54.10,-2.13
54.11,-1.33
54.12,-0.53
54.13,0.27
54.14,1.07
54.15,1.87
54.16,2.29
54.17,2.71
54.18,3.12
54.19,3.54
54.20,3.96
54.21,3.06
54.22,2.17
54.23,1.27
54.24,0.38
54.25,-0.52
54.26,-1.02
54.27,-1.52
54.28,-2.03
54.29,-2.53
54.30,-3.03
54.31,-1.95
54.32,-0.87
54.33,0.21
54.34,1.29
54.35,2.37
54.36,2.13
54.37,1.90
54.38,1.66
54.39,1.43
54.40,1.19
54.41,1.20
54.42,1.21
54.43,1.21
54.44,1.22
54.45,1.23
54.46,1.59
54.47,1.94
54.48,2.30
54.49,2.65
54.50,3.01
54.51,1.99
54.52,0.97
54.53,-0.06
54.54,-1.08
54.55,-2.10
54.56,-1.62
54.57,-1.15
54.58,-0.67
54.59,-0.20
54.60,0.28
54.61,0.75
54.62,1.22
54.63,1.70
54.64,2.17
54.65,2.64
54.66,2.32
54.67,2.01
54.68,1.69
54.69,1.38
54.70,1.06
54.71,0.74
54.72,0.43
54.73,0.11
54.74,-0.20
54.75,-0.52
54.76,-0.29
54.77,-0.07
54.78,0.16
54.79,0.38
54.80,0.61
54.81,1.19
54.82,1.77
54.83,2.36
54.84,2.94
54.85,3.52
54.86,2.85
54.87,2.18
54.88,1.50
54.89,0.83
54.90,0.16
54.91,-0.08
54.92,-0.32
54.93,-0.56
54.94,-0.80
54.95,-1.04
54.96,-0.67
54.97,-0.30
54.98,0.07
54.99,0.44
55.00,0.81
55.01,0.72
55.02,0.63
55.03,0.53
55.04,0.44
55.05,0.35
55.06,0.14
55.07,-0.07
55.08,-0.28
55.09,-0.49
55.10,-0.70
55.11,-1.12
55.12,-1.54
55.13,-1.97
55.14,-2.39
55.15,-2.81
55.16,-1.63
55.17,-0.46
55.18,0.72
55.19,1.89
55.20,3.07
55.21,2.53
55.22,1.98
55.23,1.44
55.24,0.89
55.25,0.35
55.26,0.06
55.27,-0.24
55.28,-0.53
55.29,-0.83
55.30,-1.12
55.31,-0.14
55.32,0.84
55.33,1.82
55.34,2.80
55.35,3.78
55.36,2.88
55.37,1.97
55.38,1.07
55.39,0.16
55.40,-0.74
55.41,-1.06
55.42,-1.38
55.43,-1.71
55.44,-2.03
55.45,-2.35
55.46,-2.10
55.47,-1.85
55.48,-1.59
55.49,-1.34
55.50,-1.09
55.51,-0.37
55.52,0.34
55.53,1.06
55.54,1.77
55.55,2.49
55.56,1.62
55.57,0.75
55.58,-0.13
55.59,-1.00
55.60,-1.87
55.61,-1.85
55.62,-1.82
55.63,-1.80
55.64,-1.77
55.65,-1.75
55.66,-0.96
55.67,-0.17
55.68,0.63
55.69,1.42
55.70,2.21
55.71,1.65
55.72,1.10
55.73,0.54
55.74,-0.01
55.75,-0.57
55.76,-0.38
55.77,-0.20
55.78,-0.01
55.79,0.17
55.80,0.36
55.81,0.03
55.82,-0.30
55.83,-0.64
55.84,-0.97
55.85,-1.30
55.86,-1.22
55.87,-1.15
55.88,-1.07
55.89,-1.00
55.90,-0.92
55.91,-0.40
55.92,0.11
55.93,0.63
55.94,1.14
55.95,1.66
55.96,1.41
55.97,1.16
55.98,0.91
55.99,0.66
56.00,0.41
56.01,-0.28
56.02,-0.98
56.03,-1.67
56.04,-2.37
56.05,-3.06
56.06,-2.62
56.07,-2.17
56.08,-1.73
56.09,-1.28
56.10,-0.84
56.11,-0.53
56.12,-0.22
56.13,0.09
56.14,0.40
56.15,0.71
56.16,0.40
56.17,0.09
56.18,-0.21
56.19,-0.52
56.20,-0.83
56.21,-0.79
56.22,-0.75
56.23,-0.72
56.24,-0.68
56.25,-0.64
56.26,-0.65
56.27,-0.66
56.28,-0.68
56.29,-0.69
56.30,-0.70
56.31,-0.30
56.32,0.10
56.33,0.51
56.34,0.91
56.35,1.31
56.36,1.23
56.37,1.15
56.38,1.08
56.39,1.00
56.40,0.92
56.41,0.41
56.42,-0.11
56.43,-0.62
56.44,-1.14
56.45,-1.65
56.46,-0.87
56.47,-0.09
56.48,0.70
56.49,1.48
56.50,2.26
56.51,1.75
56.52,1.23
56.53,0.72
56.54,0.20
56.55,-0.31
56.56,-1.45
56.57,-2.60
56.58,-3.74
56.59,-4.89
56.60,-6.03
56.61,-3.98
56.62,-1.93
56.63,0.12
56.64,2.17
56.65,4.22
56.66,4.16
56.67,4.09
56.68,4.03
56.69,3.96
56.70,3.90
56.71,1.64
56.72,-0.62
56.73,-2.87
56.74,-5.13
56.75,-7.39
56.76,-5.55
56.77,-3.70
56.78,-1.86
56.79,-0.01
56.80,1.83
56.81,2.42
56.82,3.01
56.83,3.61
56.84,4.20
56.85,4.79
56.86,2.85
56.87,0.91
56.88,-1.03
56.89,-2.97
56.90,-4.91
56.91,-4.37
56.92,-3.83
56.93,-3.30
56.94,-2.76
56.95,-2.22
56.96,-1.10
56.97,0.02
56.98,1.13
56.99,2.25
57.00,3.37
57.01,2.47
57.02,1.57
57.03,0.67
57.04,-0.23
57.05,-1.13
57.06,-0.93
57.07,-0.73
57.08,-0.54
57.09,-0.34
57.10,-0.14
57.11,0.32
57.12,0.78
57.13,1.24
57.14,1.70
57.15,2.16
57.16,0.77
57.17,-0.62
57.18,-2.02
57.19,-3.41
57.20,-4.80
57.21,-3.21
57.22,-1.62
57.23,-0.02
57.24,1.57
57.25,3.16
57.26,3.26
57.27,3.36
57.28,3.47
57.29,3.57
57.30,3.67
57.31,2.32
57.32,0.97
57.33,-0.37
57.34,-1.72
57.35,-3.07
57.36,-2.69
57.37,-2.30
57.38,-1.92
57.39,-1.53
57.40,-1.15
57.41,-0.15
57.42,0.85
57.43,1.84
57.44,2.84
57.45,3.84
57.46,3.07
57.47,2.31
57.48,1.54
57.49,0.78
57.50,0.01
57.51,-0.39
57.52,-0.79
57.53,-1.20
57.54,-1.60
57.55,-2.00
57.56,-0.93
57.57,0.15
57.58,1.22
57.59,2.30
57.60,3.37
57.61,2.35
57.62,1.33
57.63,0.30
57.64,-0.72
57.65,-1.74
57.66,-1.67
57.67,-1.60
57.68,-1.52
57.69,-1.45
57.70,-1.38
57.71,-0.53
57.72,0.31
57.73,1.16
57.74,2.00
57.75,2.85
57.76,2.53
57.77,2.21
57.78,1.89
57.79,1.57
57.80,1.25
57.81,0.30
57.82,-0.64
57.83,-1.59
57.84,-2.53
57.85,-3.48
57.86,-3.07
57.87,-2.65
57.88,-2.24
57.89,-1.82
57.90,-1.41
57.91,-1.10
57.92,-0.80
57.93,-0.49
57.94,-0.19
57.95,0.12
57.96,-0.24
57.97,-0.59
57.98,-0.95
57.99,-1.30
58.00,-1.66
58.01,-1.11
58.02,-0.55
58.03,0.00
58.04,0.56
58.05,1.11
58.06,0.88
58.07,0.66
58.08,0.43
58.09,0.21
58.10,-0.02
58.11,-0.18
58.12,-0.35
58.13,-0.51
58.14,-0.68
58.15,-0.84
58.16,-0.40
58.17,0.05
58.18,0.49
58.19,0.94
58.20,1.38
58.21,1.08
58.22,0.78
58.23,0.49
58.24,0.19
58.25,-0.11
58.26,0.14
58.27,0.38
58.28,0.63
58.29,0.87
58.30,1.12
58.31,1.47
58.32,1.82
58.33,2.18
58.34,2.53
58.35,2.88
58.36,2.17
58.37,1.47
58.38,0.76
58.39,0.06
58.40,-0.65
58.41,-0.38
58.42,-0.11
58.43,0.17
58.44,0.44
58.45,0.71
58.46,0.74
58.47,0.76
58.48,0.79
58.49,0.81
58.50,0.84
58.51,0.43
58.52,0.01
58.53,-0.40
58.54,-0.82
58.55,-1.23
58.56,-1.39
58.57,-1.55
58.58,-1.70
58.59,-1.86
58.60,-2.02
58.61,-1.62
58.62,-1.23
58.63,-0.83
58.64,-0.44
58.65,-0.04
58.66,-0.07
58.67,-0.09
58.68,-0.12
58.69,-0.14
58.70,-0.17
58.71,-0.40
58.72,-0.64
58.73,-0.87
58.74,-1.11
58.75,-1.34
58.76,-1.00
58.77,-0.67
58.78,-0.33
58.79,0.00
58.80,0.34
58.81,0.21
58.82,0.08
58.83,-0.05
58.84,-0.18
58.85,-0.31
58.86,-0.26
58.87,-0.21
58.88,-0.15
58.89,-0.10
58.90,-0.05
58.91,-0.32
58.92,-0.58
58.93,-0.85
58.94,-1.11
58.95,-1.38
58.96,-1.07
58.97,-0.76
58.98,-0.44
58.99,-0.13
59.00,0.18
59.01,0.00
59.02,-0.18
59.03,-0.35
59.04,-0.53
59.05,-0.71
59.06,-0.86
59.07,-1.01
59.08,-1.16
59.09,-1.31
59.10,-1.46
59.11,-0.90
59.12,-0.34
59.13,0.23
59.14,0.79
59.15,1.35
59.16,1.29
59.17,1.23
59.18,1.18
59.19,1.12
59.20,1.06
59.21,-0.05
59.22,-1.16
59.23,-2.27
59.24,-3.38
59.25,-4.49
59.26,-3.81
59.27,-3.13
59.28,-2.45
59.29,-1.77
59.30,-1.09
59.31,-0.33
59.32,0.43
59.33,1.20
59.34,1.96
59.35,2.72
59.36,1.79
59.37,0.87
59.38,-0.06
59.39,-0.98
59.40,-1.91
59.41,-1.69
59.42,-1.47
59.43,-1.24
59.44,-1.02
59.45,-0.80
59.46,-0.65
59.47,-0.50
59.48,-0.35
59.49,-0.20
59.50,-0.05
59.51,0.22
59.52,0.48
59.53,0.75
59.54,1.01
59.55,1.28
59.56,1.37
59.57,1.45
59.58,1.54
59.59,1.62
59.60,1.71
59.61,1.79
59.62,1.87
59.63,1.95
59.64,2.03
59.65,2.11
59.66,-0.07
59.67,-2.25
59.68,-4.42
59.69,-6.60
59.70,-8.78
59.71,-7.37
59.72,-5.95
59.73,-4.54
59.74,-3.12
59.75,-1.71
59.76,0.82
59.77,3.36
59.78,5.89
59.79,8.43
59.80,10.96
59.81,8.59
59.82,6.23
59.83,3.86
59.84,1.50
59.85,-0.87
59.86,-1.51
59.87,-2.15
59.88,-2.80
59.89,-3.44
59.90,-4.08
59.91,-3.39
59.92,-2.70
59.93,-2.00
59.94,-1.31
59.95,-0.62
59.96,0.27
59.97,1.17
59.98,2.06
59.99,2.96
60.00,3.85
60.01,3.87
60.02,3.89
60.03,3.91
60.04,3.93
60.05,3.95
60.06,3.62
60.07,3.29
60.08,2.96
60.09,2.63
60.10,2.30
60.11,1.06
60.12,-0.18
60.13,-1.43
60.14,-2.67
60.15,-3.91
60.16,-3.15
60.17,-2.38
60.18,-1.62
60.19,-0.85
60.20,-0.09
60.21,1.66
60.22,3.40
60.23,5.15
60.24,6.89
60.25,8.64
60.26,6.30
60.27,3.96
60.28,1.61
60.29,-0.73
60.30,-3.07
60.31,-3.10
60.32,-3.12
60.33,-3.15
60.34,-3.17
60.35,-3.20
60.36,-2.04
60.37,-0.89
60.38,0.27
60.39,1.42
60.40,2.58
60.41,1.53
60.42,0.48
60.43,-0.58
60.44,-1.63
60.45,-2.68
60.46,-1.43
60.47,-0.18
60.48,1.07
60.49,2.32
60.50,3.57
60.51,3.86
60.52,4.16
60.53,4.45
60.54,4.75
60.55,5.04
60.56,2.85
60.57,0.67
60.58,-1.52
60.59,-3.70
60.60,-5.89
60.61,-5.43
60.62,-4.97
60.63,-4.52
60.64,-4.06
60.65,-3.60
60.66,-1.74
60.67,0.11
60.68,1.97
60.69,3.82
60.70,5.68
60.71,4.66
60.72,3.63
60.73,2.61
60.74,1.58
60.75,0.56
60.76,-0.59
60.77,-1.73
60.78,-2.88
60.79,-4.02
60.80,-5.17
60.81,-3.30
60.82,-1.42
60.83,0.45
60.84,2.33
60.85,4.20
60.86,3.78
60.87,3.35
60.88,2.93
60.89,2.50
60.90,2.08
60.91,-0.02
60.92,-2.12
60.93,-4.21
60.94,-6.31
60.95,-8.41
60.96,-7.32
60.97,-6.24
60.98,-5.15
60.99,-4.07
61.00,-2.98
61.01,-1.40
61.02,0.19
61.03,1.77
61.04,3.36
61.05,4.94
61.06,4.01
61.07,3.09
61.08,2.16
61.09,1.24
61.10,0.31
61.11,0.11
61.12,-0.09
61.13,-0.29
61.14,-0.49
61.15,-0.69
61.16,-0.30
61.17,0.09
61.18,0.47
61.19,0.86
61.20,1.25
61.21,0.90
61.22,0.55
61.23,0.21
61.24,-0.14
61.25,-0.49
61.26,-0.08
61.27,0.32
61.28,0.73
61.29,1.13
61.30,1.54
61.31,1.40
61.32,1.27
61.33,1.13
61.34,1.00
61.35,0.86
61.36,1.09
61.37,1.32
61.38,1.56
61.39,1.79
61.40,2.02
61.41,1.26
61.42,0.49
61.43,-0.27
61.44,-1.04
61.45,-1.80
61.46,-2.97
61.47,-4.15
61.48,-5.32
61.49,-6.50
61.50,-7.67
61.51,-6.89
61.52,-6.10
61.53,-5.32
61.54,-4.53
61.55,-3.75
61.56,0.36
61.57,4.47
61.58,8.57
61.59,12.68
61.60,16.79
61.61,14.62
61.62,12.46
61.63,10.29
61.64,8.13
61.65,5.96
61.66,0.85
61.67,-4.27
61.68,-9.38
61.69,-14.50
61.70,-19.61
61.71,-16.10
61.72,-12.60
61.73,-9.09
61.74,-5.59
61.75,-2.08
61.76,0.34
61.77,2.77
61.78,5.19
61.79,7.62
61.80,10.04
61.81,7.74
61.82,5.44
61.83,3.14
61.84,0.84
61.85,-1.46
61.86,-2.60
61.87,-3.74
61.88,-4.88
61.89,-6.02
61.90,-7.16
61.91,-4.02
61.92,-0.89
61.93,2.25
61.94,5.38
61.95,8.52
61.96,6.17
61.97,3.81
61.98,1.46
61.99,-0.90
62.00,-3.25
62.01,-4.78
62.02,-6.31
62.03,-7.85
62.04,-9.38
62.05,-10.91
62.06,-8.51
62.07,-6.12
62.08,-3.72
62.09,-1.33
62.10,1.07
62.11,1.59
62.12,2.12
62.13,2.64
62.14,3.17
62.15,3.69
62.16,4.07
62.17,4.45
62.18,4.82
62.19,5.20
62.20,5.58
62.21,3.18
62.22,0.78
62.23,-1.61
62.24,-4.01
62.25,-6.41
62.26,-5.13
62.27,-3.85
62.28,-2.56
62.29,-1.28
62.30,0.00
62.31,0.66
62.32,1.32
62.33,1.99
62.34,2.65
62.35,3.31
62.36,1.57
62.37,-0.17
62.38,-1.91
62.39,-3.65
62.40,-5.39
62.41,-4.33
62.42,-3.28
62.43,-2.22
62.44,-1.17
62.45,-0.11
62.46,0.51
62.47,1.13
62.48,1.76
62.49,2.38
62.50,3.00
62.51,1.73
62.52,0.46
62.53,-0.81
62.54,-2.08
62.55,-3.35
62.56,-2.28
62.57,-1.21
62.58,-0.15
62.59,0.92
62.60,1.99
62.61,2.96
62.62,3.94
62.63,4.91
62.64,5.89
62.65,6.86
62.66,4.65
62.67,2.44
62.68,0.23
62.69,-1.98
62.70,-4.19
62.71,-4.22
62.72,-4.26
62.73,-4.29
62.74,-4.33
62.75,-4.36
62.76,-3.23
62.77,-2.10
62.78,-0.98
62.79,0.15
62.80,1.28
62.81,1.68
62.82,2.07
62.83,2.47
62.84,2.86
62.85,3.26
62.86,2.70
62.87,2.14
62.88,1.57
62.89,1.01
62.90,0.45
62.91,0.22
62.92,-0.00
62.93,-0.23
62.94,-0.45
62.95,-0.68
62.96,-0.19
62.97,0.31
62.98,0.80
62.99,1.30
63.00,1.79
63.01,1.52
63.02,1.25
63.03,0.97
63.04,0.70
63.05,0.43
63.06,0.32
63.07,0.21
63.08,0.10
63.09,-0.01
63.10,-0.12
63.11,-0.45
63.12,-0.78
63.13,-1.11
63.14,-1.44
63.15,-1.77
63.16,-1.14
63.17,-0.51
63.18,0.11
63.19,0.74
63.20,1.37
63.21,1.62
63.22,1.87
63.23,2.13
63.24,2.38
63.25,2.63
63.26,2.19
63.27,1.76
63.28,1.32
63.29,0.89
63.30,0.45
63.31,0.36
63.32,0.27
63.33,0.19
63.34,0.10
63.35,0.01
63.36,0.48
63.37,0.96
63.38,1.43
63.39,1.91
63.40,2.38
63.41,2.42
63.42,2.46
63.43,2.49
63.44,2.53
63.45,2.57
63.46,1.49
63.47,0.42
63.48,-0.66
63.49,-1.73
63.50,-2.81
63.51,-2.49
63.52,-2.18
63.53,-1.86
63.54,-1.55
63.55,-1.23
63.56,-0.18
63.57,0.87
63.58,1.91
63.59,2.96
63.60,4.01
63.61,3.04
63.62,2.07
63.63,1.09
63.64,0.12
63.65,-0.85
63.66,-1.82
63.67,-2.79
63.68,-3.75
63.69,-4.72
63.70,-5.69
63.71,-3.80
63.72,-1.90
63.73,-0.01
63.74,1.89
63.75,3.78
63.76,3.21
63.77,2.64
63.78,2.06
63.79,1.49
63.80,0.92
63.81,-0.19
63.82,-1.31
63.83,-2.42
63.84,-3.54
63.85,-4.65
63.86,-2.99
63.87,-1.32
63.88,0.34
63.89,2.01
63.90,3.67
63.91,2.96
63.92,2.25
63.93,1.55
63.94,0.84
63.95,0.13
63.96,-0.62
63.97,-1.38
63.98,-2.13
63.99,-2.89
64.00,-3.64
64.01,-2.93
64.02,-2.22
64.03,-1.51
64.04,-0.80
64.05,-0.09
64.06,0.61
64.07,1.31
64.08,2.00
64.09,2.70
64.10,3.40
64.11,2.64
64.12,1.87
64.13,1.11
64.14,0.34
64.15,-0.42
64.16,-1.03
64.17,-1.64
64.18,-2.26
64.19,-2.87
64.20,-3.48
64.21,-1.84
64.22,-0.20
64.23,1.43
64.24,3.07
64.25,4.71
64.26,4.06
64.27,3.41
64.28,2.77
64.29,2.12
64.30,1.47
64.31,0.76
64.32,0.05
64.33,-0.67
64.34,-1.38
64.35,-2.09
64.36,-1.41
64.37,-0.73
64.38,-0.06
64.39,0.62
64.40,1.30
64.41,1.06
64.42,0.83
64.43,0.59
64.44,0.36
64.45,0.12
64.46,-0.17
64.47,-0.47
64.48,-0.76
64.49,-1.06
64.50,-1.35
64.51,-0.90
64.52,-0.45
64.53,-0.00
64.54,0.45
64.55,0.90
64.56,0.66
64.57,0.42
64.58,0.18
64.59,-0.06
64.60,-0.30
64.61,-0.50
64.62,-0.69
64.63,-0.89
64.64,-1.08
64.65,-1.28
64.66,-1.13
64.67,-0.97
64.68,-0.82
64.69,-0.66
64.70,-0.51
64.71,-0.33
64.72,-0.15
64.73,0.03
64.74,0.21
64.75,0.39
64.76,0.66
64.77,0.94
64.78,1.21
64.79,1.49
64.80,1.76
64.81,0.85
64.82,-0.06
64.83,-0.96
64.84,-1.87
64.85,-2.78
64.86,-2.17
64.87,-1.57
64.88,-0.96
64.89,-0.36
64.90,0.25
64.91,0.43
64.92,0.61
64.93,0.79
64.94,0.97
64.95,1.15
64.96,0.83
64.97,0.52
64.98,0.20
64.99,-0.11
65.00,-0.43
65.01,-0.49
65.02,-0.55
65.03,-0.62
65.04,-0.68
65.05,-0.74
65.06,-0.45
65.07,-0.17
65.08,0.12
65.09,0.40
65.10,0.69
65.11,0.51
65.12,0.34
65.13,0.16
65.14,-0.01
65.15,-0.19
65.16,-0.70
65.17,-1.22
65.18,-1.73
65.19,-2.25
65.20,-2.76
65.21,-2.07
65.22,-1.38
65.23,-0.68
65.24,0.01
65.25,0.70
65.26,0.63
65.27,0.56
65.28,0.49
65.29,0.42
65.30,0.35
65.31,-0.03
65.32,-0.42
65.33,-0.80
65.34,-1.19
65.35,-1.57
65.36,-1.81
65.37,-2.05
65.38,-2.28
65.39,-2.52
65.40,-2.76
65.41,-1.71
65.42,-0.65
65.43,0.40
65.44,1.46
65.45,2.51
65.46,1.97
65.47,1.43
65.48,0.88
65.49,0.34
65.50,-0.20
65.51,-0.93
65.52,-1.65
65.53,-2.38
65.54,-3.10
65.55,-3.83
65.56,-3.30
65.57,-2.76
65.58,-2.23
65.59,-1.69
65.60,-1.16
65.61,-0.63
65.62,-0.10
65.63,0.42
65.64,0.95
65.65,1.48
65.66,1.06
65.67,0.65
65.68,0.23
65.69,-0.18
65.70,-0.60
65.71,-1.02
65.72,-1.44
65.73,-1.87
65.74,-2.29
65.75,-2.71
65.76,-1.17
65.77,0.37
65.78,1.90
65.79,3.44
65.80,4.98
65.81,4.06
65.82,3.14
65.83,2.23
65.84,1.31
65.85,0.39
65.86,-0.05
65.87,-0.48
65.88,-0.92
65.89,-1.35
65.90,-1.79
65.91,-1.84
65.92,-1.89
65.93,-1.93
65.94,-1.98
65.95,-2.03
65.96,-1.31
65.97,-0.59
65.98,0.13
65.99,0.85
66.00,1.57
66.01,1.39
66.02,1.21
66.03,1.04
66.04,0.86
66.05,0.68
66.06,0.04
66.07,-0.60
66.08,-1.23
66.09,-1.87
66.10,-2.51
66.11,-1.32
66.12,-0.13
66.13,1.07
66.14,2.26
66.15,3.45
66.16,2.48
66.17,1.52
66.18,0.55
66.19,-0.41
66.20,-1.38
66.21,-1.46
66.22,-1.55
66.23,-1.63
66.24,-1.72
66.25,-1.80
66.26,-1.23
66.27,-0.66
66.28,-0.08
66.29,0.49
66.30,1.06
66.31,1.55
66.32,2.04
66.33,2.52
66.34,3.01
66.35,3.50
66.36,2.32
66.37,1.13
66.38,-0.05
66.39,-1.24
66.40,-2.42
66.41,-2.08
66.42,-1.75
66.43,-1.41
66.44,-1.08
66.45,-0.74
66.46,0.12
66.47,0.97
66.48,1.83
66.49,2.68
66.50,3.54
66.51,2.74
66.52,1.93
66.53,1.13
66.54,0.32
66.55,-0.48
66.56,-0.24
66.57,-0.00
66.58,0.23
66.59,0.47
66.60,0.71
66.61,0.30
66.62,-0.11
66.63,-0.52
66.64,-0.93
66.65,-1.34
66.66,-0.71
66.67,-0.08
66.68,0.55
66.69,1.18
66.70,1.81
66.71,1.73
66.72,1.65
66.73,1.56
66.74,1.48
66.75,1.40
66.76,0.89
66.77,0.38
66.78,-0.13
66.79,-0.64
66.80,-1.15
66.81,-0.71
66.82,-0.27
66.83,0.16
66.84,0.60
66.85,1.04
66.86,1.24
66.87,1.44
66.88,1.65
66.89,1.85
66.90,2.05
66.91,1.28
66.92,0.50
66.93,-0.27
66.94,-1.05
66.95,-1.82
66.96,-1.75
66.97,-1.69
66.98,-1.62
66.99,-1.56
67.00,-1.49
67.01,-0.33
67.02,0.83
67.03,1.98
67.04,3.14
67.05,4.30
67.06,2.99
67.07,1.68
67.08,0.37
67.09,-0.94
67.10,-2.25
67.11,-2.21
67.12,-2.18
67.13,-2.14
67.14,-2.11
67.15,-2.07
67.16,-1.33
67.17,-0.58
67.18,0.16
67.19,0.91
67.20,1.65
67.21,1.27
67.22,0.89
67.23,0.52
67.24,0.14
67.25,-0.24
67.26,0.05
67.27,0.34
67.28,0.62
67.29,0.91
67.30,1.20
67.31,0.74
67.32,0.29
67.33,-0.17
67.34,-0.62
67.35,-1.08
67.36,-1.06
67.37,-1.05
67.38,-1.03
67.39,-1.02
67.40,-1.00
67.41,-0.48
67.42,0.04
67.43,0.56
67.44,1.08
67.45,1.60
67.46,1.15
67.47,0.70
67.48,0.24
67.49,-0.21
67.50,-0.66
67.51,-0.90
67.52,-1.13
67.53,-1.37
67.54,-1.60
67.55,-1.84
67.56,-1.04
67.57,-0.25
67.58,0.55
67.59,1.34
67.60,2.14
67.61,2.04
67.62,1.93
67.63,1.83
67.64,1.72
67.65,1.62
67.66,0.56
67.67,-0.50
67.68,-1.57
67.69,-2.63
67.70,-3.69
67.71,-3.01
67.72,-2.34
67.73,-1.66
67.74,-0.99
67.75,-0.31
67.76,0.26
67.77,0.83
67.78,1.41
67.79,1.98
67.80,2.55
67.81,1.84
67.82,1.13
67.83,0.42
67.84,-0.29
67.85,-1.00
67.86,-1.02
67.87,-1.03
67.88,-1.05
67.89,-1.06
67.90,-1.08
67.91,-0.66
67.92,-0.25
67.93,0.17
67.94,0.58
67.95,1.00
67.96,0.95
67.97,0.89
67.98,0.84
67.99,0.78
68.00,0.73
68.01,0.61
68.02,0.49
68.03,0.37
68.04,0.25
68.05,0.13
68.06,0.19
68.07,0.25
68.08,0.32
68.09,0.38
68.10,0.44
68.11,0.27
68.12,0.10
68.13,-0.08
68.14,-0.25
68.15,-0.42
68.16,-0.04
68.17,0.34
68.18,0.73
68.19,1.11
68.20,1.49
68.21,1.49
68.22,1.49
68.23,1.50
68.24,1.50
68.25,1.50
68.26,1.37
68.27,1.24
68.28,1.12
68.29,0.99
68.30,0.86
68.31,0.81
68.32,0.76
68.33,0.72
68.34,0.67
68.35,0.62
68.36,0.54
68.37,0.46
68.38,0.37
68.39,0.29
68.40,0.21
68.41,0.24
68.42,0.26
68.43,0.29
68.44,0.31
68.45,0.34
68.46,0.13
68.47,-0.09
68.48,-0.30
68.49,-0.52
68.50,-0.73
68.51,-0.44
68.52,-0.16
68.53,0.13
68.54,0.41
68.55,0.70
68.56,0.54
68.57,0.38
68.58,0.21
68.59,0.05
68.60,-0.11
68.61,-0.23
68.62,-0.35
68.63,-0.46
68.64,-0.58
68.65,-0.70
68.66,-0.66
68.67,-0.62
68.68,-0.59
68.69,-0.55
68.70,-0.51
68.71,-0.24
68.72,0.03
68.73,0.30
68.74,0.57
68.75,0.84
68.76,0.68
68.77,0.51
68.78,0.35
68.79,0.18
68.80,0.02
68.81,-0.69
68.82,-1.41
68.83,-2.12
68.84,-2.84
68.85,-3.55
68.86,-2.63
68.87,-1.70
68.88,-0.78
68.89,0.15
68.90,1.07
68.91,1.13
68.92,1.19
68.93,1.24
68.94,1.30
68.95,1.36
68.96,0.72
68.97,0.08
68.98,-0.56
68.99,-1.20
69.00,-1.84
69.01,-1.47
69.02,-1.10
69.03,-0.74
69.04,-0.37
69.05,0.00
69.06,0.03
69.07,0.07
69.08,0.10
69.09,0.14
69.10,0.17
69.11,-0.11
69.12,-0.40
69.13,-0.68
69.14,-0.97
69.15,-1.25
69.16,-0.91
69.17,-0.56
69.18,-0.22
69.19,0.13
69.20,0.47
69.21,0.57
69.22,0.67
69.23,0.78
69.24,0.88
69.25,0.98
69.26,0.50
69.27,0.02
69.28,-0.46
69.29,-0.94
69.30,-1.42
69.31,-1.10
69.32,-0.77
69.33,-0.45
69.34,-0.12
69.35,0.20
69.36,0.31
69.37,0.42
69.38,0.54
69.39,0.65
69.40,0.76
69.41,0.13
69.42,-0.50
69.43,-1.14
69.44,-1.77
69.45,-2.40
69.46,-2.03
69.47,-1.67
69.48,-1.30
69.49,-0.94
69.50,-0.57
69.51,-0.03
69.52,0.52
69.53,1.06
69.54,1.61
69.55,2.15
69.56,1.23
69.57,0.31
69.58,-0.60
69.59,-1.52
69.60,-2.44
69.61,-1.91
69.62,-1.37
69.63,-0.84
69.64,-0.30
69.65,0.23
69.66,0.44
69.67,0.65
69.68,0.86
69.69,1.07
69.70,1.28
69.71,0.65
69.72,0.01
69.73,-0.62
69.74,-1.26
69.75,-1.89
69.76,-1.38
69.77,-0.87
69.78,-0.35
69.79,0.16
69.80,0.67
69.81,0.67
69.82,0.66
69.83,0.66
69.84,0.65
69.85,0.65
69.86,0.42
69.87,0.19
69.88,-0.05
69.89,-0.28
69.90,-0.51
69.91,-0.33
69.92,-0.15
69.93,0.02
69.94,0.20
69.95,0.38
69.96,0.64
69.97,0.90
69.98,1.17
69.99,1.43
70.00,1.69