0.00,-0.02
0.01,-0.02
0.02,-0.03
0.03,-0.03
0.04,-0.04
0.05,-0.04
0.06,-0.03
0.07,-0.02
0.08,-0.00
0.09,0.01
0.10,0.02
0.11,0.02
0.12,0.02
0.13,0.03
0.14,0.03
0.15,0.03
0.16,0.03
0.17,0.03
0.18,0.02
0.19,0.02
0.20,0.02
0.21,0.01
0.22,0.00
0.23,-0.00
0.24,-0.01
0.25,-0.02
0.26,-0.01
0.27,0.01
0.28,0.02
0.29,0.04
0.30,0.05
0.31,0.04
0.32,0.04
0.33,0.03
0.34,0.03
0.35,0.02
0.36,-0.01
0.37,-0.04
0.38,-0.08
0.39,-0.11
0.40,-0.14
0.41,-0.11
0.42,-0.08
0.43,-0.04
0.44,-0.01
0.45,0.02
0.46,0.01
0.47,0.00
0.48,-0.00
0.49,-0.01
0.50,-0.02
0.51,-0.02
0.52,-0.01
0.53,-0.01
0.54,-0.00
0.55,0.00
0.56,0.01
0.57,0.02
0.58,0.02
0.59,0.03
0.60,0.04
0.61,0.03
0.62,0.02
0.63,0.02
0.64,0.01
0.65,0.00
0.66,0.02
0.67,0.03
0.68,0.05
0.69,0.06
0.70,0.08
0.71,0.07
0.72,0.06
0.73,0.04
0.74,0.03
0.75,0.02
0.76,0.01
0.77,0.00
0.78,-0.01
0.79,-0.02
0.80,-0.03
0.81,0.01
0.82,0.05
0.83,0.09
0.84,0.13
0.85,0.17
0.86,0.11
0.87,0.05
0.88,-0.02
0.89,-0.08
0.90,-0.14
0.91,-0.11
0.92,-0.08
0.93,-0.05
0.94,-0.02
0.95,0.01
0.96,0.02
0.97,0.03
0.98,0.05
0.99,0.06
1.00,0.07
1.01,0.08
1.02,0.08
1.03,0.09
1.04,0.09
1.05,0.10
1.06,0.05
1.07,0.01
1.08,-0.04
1.09,-0.08
1.10,-0.13
1.11,-0.10
1.12,-0.06
1.13,-0.03
1.14,0.01
1.15,0.04
1.16,0.05
1.17,0.06
1.18,0.06
1.19,0.07
1.20,0.08
1.21,0.06
1.22,0.04
1.23,0.02
1.24,-0.00
1.25,-0.02
1.26,-0.07
1.27,-0.12
1.28,-0.16
1.29,-0.21
1.30,-0.26
1.31,-0.13
1.32,0.01
1.33,0.14
1.34,0.28
1.35,0.41
1.36,0.23
1.37,0.05
1.38,-0.12
1.39,-0.30
1.40,-0.48
1.41,-0.32
1.42,-0.16
1.43,0.01
1.44,0.17
1.45,0.33
1.46,0.23
1.47,0.14
1.48,0.04
1.49,-0.05
1.50,-0.15
1.51,-0.16
1.52,-0.17
1.53,-0.19
1.54,-0.20
1.55,-0.21
1.56,-0.15
1.57,-0.09
1.58,-0.04
1.59,0.02
1.60,0.08
1.61,0.28
1.62,0.47
1.63,0.67
1.64,0.86
1.65,1.06
1.66,0.25
1.67,-0.56
1.68,-1.37
1.69,-2.18
1.70,-2.99
1.71,-3.41
1.72,-3.84
1.73,-4.26
1.74,-4.69
1.75,-5.11
1.76,-3.48
1.77,-1.85
1.78,-0.22
1.79,1.41
1.80,3.04
1.81,1.42
1.82,-0.20
1.83,-1.81
1.84,-3.43
1.85,-5.05
1.86,-3.91
1.87,-2.77
1.88,-1.62
1.89,-0.48
1.90,0.66
1.91,6.01
1.92,11.36
1.93,16.72
1.94,22.07
1.95,27.42
1.96,21.50
1.97,15.58
1.98,9.67
1.99,3.75
2.00,-2.17
2.01,-4.94
2.02,-7.72
2.03,-10.49
2.04,-13.27
2.05,-16.04
2.06,-13.44
2.07,-10.84
2.08,-8.23
2.09,-5.63
2.10,-3.03
2.11,-4.21
2.12,-5.39
2.13,-6.58
2.14,-7.76
2.15,-8.94
2.16,-6.10
2.17,-3.27
2.18,-0.43
2.19,2.40
2.20,5.24
2.21,2.74
2.22,0.25
2.23,-2.25
2.24,-4.74
2.25,-7.24
2.26,1.68
2.27,10.60
2.28,19.51
2.29,28.43
2.30,37.35
2.31,27.09
2.32,16.82
2.33,6.56
2.34,-3.71
2.35,-13.97
2.36,-15.58
2.37,-17.19
2.38,-18.80
2.39,-20.41
2.40,-22.02
2.41,-8.05
2.42,5.93
2.43,19.90
2.44,33.88
2.45,47.85
2.46,33.93
2.47,20.00
2.48,6.08
2.49,-7.85
2.50,-21.77
2.51,-19.27
2.52,-16.78
2.53,-14.28
2.54,-11.79
2.55,-9.29
2.56,-6.55
2.57,-3.81
2.58,-1.07
2.59,1.67
2.60,4.41
2.61,2.76
2.62,1.11
2.63,-0.55
2.64,-2.20
2.65,-3.85
2.66,2.12
2.67,8.09
2.68,14.05
2.69,20.02
2.70,25.99
2.71,14.89
2.72,3.79
2.73,-7.30
2.74,-18.40
2.75,-29.50
2.76,-19.80
2.77,-10.09
2.78,-0.39
2.79,9.32
2.80,19.02
2.81,19.62
2.82,20.21
2.83,20.81
2.84,21.40
2.85,22.00
2.86,12.15
2.87,2.30
2.88,-7.55
2.89,-17.40
2.90,-27.25
2.91,-18.79
2.92,-10.33
2.93,-1.88
2.94,6.58
2.95,15.04
2.96,14.65
2.97,14.26
2.98,13.88
2.99,13.49
3.00,13.10
3.01,13.10
3.02,13.10
3.03,13.09
3.04,13.09
3.05,13.09
3.06,2.50
3.07,-8.08
3.08,-18.67
3.09,-29.25
3.10,-39.84
3.11,-29.22
3.12,-18.60
3.13,-7.97
3.14,2.65
3.15,13.27
3.16,14.49
3.17,15.71
3.18,16.93
3.19,18.15
3.20,19.37
3.21,12.82
3.22,6.26
3.23,-0.29
3.24,-6.85
3.25,-13.40
3.26,-7.76
3.27,-2.12
3.28,3.52
3.29,9.16
3.30,14.80
3.31,6.50
3.32,-1.81
3.33,-10.11
3.34,-18.42
3.35,-26.72
3.36,-8.05
3.37,10.62
3.38,29.29
3.39,47.96
3.40,66.63
3.41,51.06
3.42,35.49
3.43,19.92
3.44,4.35
3.45,-11.22
3.46,-26.01
3.47,-40.81
3.48,-55.60
3.49,-70.40
3.50,-85.19
3.51,-62.69
3.52,-40.18
3.53,-17.68
3.54,4.83
3.55,27.33
3.56,21.52
3.57,15.71
3.58,9.90
3.59,4.09
3.60,-1.72
3.61,12.54
3.62,26.79
3.63,41.05
3.64,55.30
3.65,69.56
3.66,49.52
3.67,29.48
3.68,9.44
3.69,-10.60
3.70,-30.64
3.71,-32.61
3.72,-34.59
3.73,-36.56
3.74,-38.54
3.75,-40.51
3.76,-19.39
3.77,1.72
3.78,22.84
3.79,43.95
3.80,65.07
3.81,48.05
3.82,31.04
3.83,14.02
3.84,-2.99
3.85,-20.01
3.86,-35.45
3.87,-50.89
3.88,-66.32
3.89,-81.76
3.90,-97.20
3.91,-68.35
3.92,-39.50
3.93,-10.65
3.94,18.20
3.95,47.05
3.96,43.99
3.97,40.92
3.98,37.86
3.99,34.79
4.00,31.73
4.01,21.55
4.02,11.37
4.03,1.20
4.04,-8.98
4.05,-19.16
4.06,-11.10
4.07,-3.04
4.08,5.01
4.09,13.07
4.10,21.13
4.11,1.14
4.12,-18.86
4.13,-38.85
4.14,-58.85
4.15,-78.84
4.16,-52.29
4.17,-25.75
4.18,0.80
4.19,27.34
4.20,53.89
4.21,37.48
4.22,21.07
4.23,4.65
4.24,-11.76
4.25,-28.17
4.26,-28.31
4.27,-28.45
4.28,-28.60
4.29,-28.74
4.30,-28.88
4.31,-11.94
4.32,5.01
4.33,21.95
4.34,38.90
4.35,55.84
4.36,41.87
4.37,27.91
4.38,13.94
4.39,-0.02
4.40,-13.99
4.41,-24.01
4.42,-34.04
4.43,-44.06
4.44,-54.09
4.45,-64.11
4.46,-55.62
4.47,-47.14
4.48,-38.65
4.49,-30.17
4.50,-21.68
4.51,-13.67
4.52,-5.67
4.53,2.34
4.54,10.34
4.55,18.35
4.56,7.72
4.57,-2.91
4.58,-13.54
4.59,-24.17
4.60,-34.80
4.61,-14.78
4.62,5.24
4.63,25.27
4.64,45.29
4.65,65.31
4.66,41.60
4.67,17.88
4.68,-5.83
4.69,-29.55
4.70,-53.26
4.71,-50.05
4.72,-46.84
4.73,-43.63
4.74,-40.42
4.75,-37.21
4.76,-11.10
4.77,15.00
4.78,41.11
4.79,67.21
4.80,93.32
4.81,66.81
4.82,40.30
4.83,13.80
4.84,-12.71
4.85,-39.22
4.86,-30.17
4.87,-21.12
4.88,-12.08
4.89,-3.03
4.90,6.02
4.91,14.16
4.92,22.30
4.93,30.45
4.94,38.59
4.95,46.73
4.96,35.48
4.97,24.23
4.98,12.98
4.99,1.73
5.00,-9.52
5.01,-8.49
5.02,-7.45
5.03,-6.42
5.04,-5.38
5.05,-4.35
5.06,-12.55
5.07,-20.76
5.08,-28.96
5.09,-37.17
5.10,-45.37
5.11,-40.85
5.12,-36.34
5.13,-31.82
5.14,-27.31
5.15,-22.79
5.16,-5.42
5.17,11.96
5.18,29.33
5.19,46.71
5.20,64.08
5.21,56.94
5.22,49.79
5.23,42.65
5.24,35.50
5.25,28.36
5.26,15.17
5.27,1.98
5.28,-11.21
5.29,-24.40
5.30,-37.59
5.31,-37.31
5.32,-37.04
5.33,-36.76
5.34,-36.49
5.35,-36.21
5.36,-28.65
5.37,-21.09
5.38,-13.54
5.39,-5.98
5.40,1.58
5.41,-3.18
5.42,-7.94
5.43,-12.69
5.44,-17.45
5.45,-22.21
5.46,-6.96
5.47,8.29
5.48,23.53
5.49,38.78
5.50,54.03
5.51,42.38
5.52,30.73
5.53,19.07
5.54,7.42
5.55,-4.23
5.56,-11.94
5.57,-19.66
5.58,-27.37
5.59,-35.09
5.60,-42.80
5.61,-23.26
5.62,-3.72
5.63,15.81
5.64,35.35
5.65,54.89
5.66,53.89
5.67,52.89
5.68,51.89
5.69,50.89
5.70,49.89
5.71,46.22
5.72,42.55
5.73,38.87
5.74,35.20
5.75,31.53
5.76,19.03
5.77,6.53
5.78,-5.97
5.79,-18.47
5.80,-30.97
5.81,-40.97
5.82,-50.97
5.83,-60.98
5.84,-70.98
5.85,-80.98
5.86,-60.63
5.87,-40.28
5.88,-19.92
5.89,0.43
5.90,20.78
5.91,32.45
5.92,44.11
5.93,55.78
5.94,67.44
5.95,79.11
5.96,49.10
5.97,19.10
5.98,-10.91
5.99,-40.91
6.00,-70.92
6.01,-60.83
6.02,-50.75
6.03,-40.66
6.04,-30.58
6.05,-20.49
6.06,-14.09
6.07,-7.70
6.08,-1.30
6.09,5.09
6.10,11.49
6.11,8.75
6.12,6.01
6.13,3.28
6.14,0.54
6.15,-2.20
6.16,3.49
6.17,9.18
6.18,14.88
6.19,20.57
6.20,26.26
6.21,25.08
6.22,23.91
6.23,22.73
6.24,21.56
6.25,20.38
6.26,16.74
6.27,13.11
6.28,9.47
6.29,5.84
6.30,2.20
6.31,4.47
6.32,6.74
6.33,9.02
6.34,11.29
6.35,13.56
6.36,4.36
6.37,-4.85
6.38,-14.05
6.39,-23.26
6.40,-32.46
6.41,-39.91
6.42,-47.37
6.43,-54.82
6.44,-62.28
6.45,-69.73
6.46,-36.53
6.47,-3.33
6.48,29.88
6.49,63.08
6.50,96.28
6.51,85.48
6.52,74.69
6.53,63.89
6.54,53.10
6.55,42.30
6.56,11.54
6.57,-19.22
6.58,-49.97
6.59,-80.73
6.60,-111.49
6.61,-87.78
6.62,-64.08
6.63,-40.37
6.64,-16.67
6.65,7.04
6.66,13.52
6.67,19.99
6.68,26.47
6.69,32.94
6.70,39.42
6.71,19.86
6.72,0.30
6.73,-19.25
6.74,-38.81
6.75,-58.37
6.76,-37.52
6.77,-16.68
6.78,4.17
6.79,25.01
6.80,45.86
6.81,45.20
6.82,44.55
6.83,43.89
6.84,43.24
6.85,42.58
6.86,16.32
6.87,-9.93
6.88,-36.19
6.89,-62.44
6.90,-88.70
6.91,-72.79
6.92,-56.88
6.93,-40.97
6.94,-25.06
6.95,-9.15
6.96,6.16
6.97,21.48
6.98,36.79
6.99,52.11
7.00,67.42
7.01,53.83
7.02,40.23
7.03,26.64
7.04,13.04
7.05,-0.55
7.06,-3.12
7.07,-5.69
7.08,-8.26
7.09,-10.83
7.10,-13.40
7.11,-23.99
7.12,-34.57
7.13,-45.16
7.14,-55.74
7.15,-66.33
7.16,-41.98
7.17,-17.63
7.18,6.72
7.19,31.07
7.20,55.42
7.21,55.15
7.22,54.87
7.23,54.60
7.24,54.32
7.25,54.05
7.26,42.51
7.27,30.97
7.28,19.42
7.29,7.88
7.30,-3.66
7.31,-0.87
7.32,1.92
7.33,4.70
7.34,7.49
7.35,10.28
7.36,-9.50
7.37,-29.28
7.38,-49.06
7.39,-68.84
7.40,-88.62
7.41,-61.16
7.42,-33.71
7.43,-6.25
7.44,21.20
7.45,48.66
7.46,48.97
7.47,49.27
7.48,49.58
7.49,49.88
7.50,50.19
7.51,29.31
7.52,8.44
7.53,-12.44
7.54,-33.31
7.55,-54.19
7.56,-53.79
7.57,-53.39
7.58,-52.99
7.59,-52.59
7.60,-52.19
7.61,-37.48
7.62,-22.77
7.63,-8.05
7.64,6.66
7.65,21.37
7.66,18.33
7.67,15.29
7.68,12.24
7.69,9.20
7.70,6.16
7.71,3.25
7.72,0.34
7.73,-2.56
7.74,-5.47
7.75,-8.38
7.76,2.18
7.77,12.75
7.78,23.31
7.79,33.88
7.80,44.44
7.81,43.93
7.82,43.43
7.83,42.92
7.84,42.42
7.85,41.91
7.86,33.80
7.87,25.68
7.88,17.57
7.89,9.45
7.90,1.34
7.91,0.14
7.92,-1.05
7.93,-2.25
7.94,-3.44
7.95,-4.64
7.96,-2.99
7.97,-1.35
7.98,0.30
7.99,1.94
8.00,3.59
8.01,-1.63
8.02,-6.85
8.03,-12.08
8.04,-17.30
8.05,-22.52
8.06,-36.41
8.07,-50.31
8.08,-64.20
8.09,-78.10
8.10,-91.99
8.11,-84.86
8.12,-77.73
8.13,-70.59
8.14,-63.46
8.15,-56.33
8.16,-25.47
8.17,5.38
8.18,36.24
8.19,67.09
8.20,97.95
8.21,88.26
8.22,78.57
8.23,68.88
8.24,59.19
8.25,49.50
8.26,31.00
8.27,12.50
8.28,-6.01
8.29,-24.51
8.30,-43.01
8.31,-48.44
8.32,-53.87
8.33,-59.31
8.34,-64.74
8.35,-70.17
8.36,-56.68
8.37,-43.19
8.38,-29.69
8.39,-16.20
8.40,-2.71
8.41,11.65
8.42,26.01
8.43,40.37
8.44,54.73
8.45,69.09
8.46,67.26
8.47,65.43
8.48,63.60
8.49,61.77
8.50,59.94
8.51,49.99
8.52,40.04
8.53,30.10
8.54,20.15
8.55,10.20
8.56,-1.17
8.57,-12.55
8.58,-23.92
8.59,-35.30
8.60,-46.67
8.61,-33.40
8.62,-20.13
8.63,-6.86
8.64,6.41
8.65,19.68
8.66,17.71
8.67,15.73
8.68,13.76
8.69,11.78
8.70,9.81
8.71,1.89
8.72,-6.04
8.73,-13.96
8.74,-21.89
8.75,-29.81
8.76,-21.87
8.77,-13.93
8.78,-5.98
8.79,1.96
8.80,9.90
8.81,5.60
8.82,1.30
8.83,-3.00
8.84,-7.30
8.85,-11.60
8.86,-7.24
8.87,-2.88
8.88,1.49
8.89,5.85
8.90,10.21
8.91,11.79
8.92,13.38
8.93,14.96
8.94,16.55
8.95,18.13
8.96,9.95
8.97,1.77
8.98,-6.40
8.99,-14.58
9.00,-22.76
9.01,-29.73
9.02,-36.71
9.03,-43.68
9.04,-50.66
9.05,-57.63
9.06,-38.87
9.07,-20.11
9.08,-1.36
9.09,17.40
9.10,36.16
9.11,36.56
9.12,36.95
9.13,37.35
9.14,37.74
9.15,38.14
9.16,27.74
9.17,17.33
9.18,6.93
9.19,-3.48
9.20,-13.88
9.21,-8.41
9.22,-2.94
9.23,2.53
9.24,8.00
9.25,13.47
9.26,6.58
9.27,-0.31
9.28,-7.20
9.29,-14.09
9.30,-20.98
9.31,-14.08
9.32,-7.18
9.33,-0.29
9.34,6.61
9.35,13.51
9.36,10.10
9.37,6.69
9.38,3.28
9.39,-0.13
9.40,-3.54
9.41,-4.43
9.42,-5.31
9.43,-6.20
9.44,-7.08
9.45,-7.97
9.46,-4.01
9.47,-0.05
9.48,3.91
9.49,7.87
9.50,11.83
9.51,8.61
9.52,5.39
9.53,2.17
9.54,-1.05
9.55,-4.27
9.56,-9.79
9.57,-15.31
9.58,-20.82
9.59,-26.34
9.60,-31.86
9.61,-27.80
9.62,-23.74
9.63,-19.68
9.64,-15.62
9.65,-11.56
9.66,-9.86
9.67,-8.16
9.68,-6.45
9.69,-4.75
9.70,-3.05
9.71,-1.16
9.72,0.72
9.73,2.61
9.74,4.49
9.75,6.38
9.76,7.24
9.77,8.11
9.78,8.97
9.79,9.84
9.80,10.70
9.81,2.86
9.82,-4.98
9.83,-12.82
9.84,-20.66
9.85,-28.50
9.86,-21.11
9.87,-13.73
9.88,-6.34
9.89,1.04
9.90,8.43
9.91,8.21
9.92,7.99
9.93,7.77
9.94,7.55
9.95,7.33
9.96,3.99
9.97,0.65
9.98,-2.70
9.99,-6.04
10.00,-9.38
10.01,-8.26
10.02,-7.14
10.03,-6.02
10.04,-4.90
10.05,-3.78
10.06,0.55
10.07,4.88
10.08,9.22
10.09,13.55
10.10,17.88
10.11,16.72
10.12,15.57
10.13,14.41
10.14,13.26
10.15,12.10
10.16,4.18
10.17,-3.75
10.18,-11.67
10.19,-19.60
10.20,-27.52
10.21,-10.11
10.22,7.29
10.23,24.70
10.24,42.10
10.25,59.51
10.26,48.86
10.27,38.21
10.28,27.57
10.29,16.92
10.30,6.27
10.31,-4.87
10.32,-16.02
10.33,-27.16
10.34,-38.31
10.35,-49.45
10.36,-35.41
10.37,-21.38
10.38,-7.34
10.39,6.69
10.40,20.73
10.41,9.37
10.42,-1.99
10.43,-13.36
10.44,-24.72
10.45,-36.08
10.46,-27.28
10.47,-18.48
10.48,-9.67
10.49,-0.87
10.50,7.93
10.51,11.67
10.52,15.40
10.53,19.14
10.54,22.87
10.55,26.61
10.56,18.72
10.57,10.84
10.58,2.95
10.59,-4.93
10.60,-12.82
10.61,-8.98
10.62,-5.14
10.63,-1.29
10.64,2.55
10.65,6.39
10.66,6.77
10.67,7.16
10.68,7.54
10.69,7.93
10.70,8.31
10.71,4.65
10.72,0.99
10.73,-2.68
10.74,-6.34
10.75,-10.00
10.76,-1.64
10.77,6.71
10.78,15.07
10.79,23.42
10.80,31.78
10.81,26.21
10.82,20.64
10.83,15.06
10.84,9.49
10.85,3.92
10.86,-3.68
10.87,-11.28
10.88,-18.89
10.89,-26.49
10.90,-34.09
10.91,-28.56
10.92,-23.02
10.93,-17.49
10.94,-11.95
10.95,-6.42
10.96,-5.97
10.97,-5.52
10.98,-5.07
10.99,-4.62
11.00,-4.17
11.01,-3.71
11.02,-3.25
11.03,-2.78
11.04,-2.32
11.05,-1.86
11.06,4.08
11.07,10.02
11.08,15.96
11.09,21.90
11.10,27.84
11.11,18.07
11.12,8.30
11.13,-1.47
11.14,-11.24
11.15,-21.01
11.16,-25.10
11.17,-29.19
11.18,-33.28
11.19,-37.37
11.20,-41.46
11.21,-25.75
11.22,-10.04
11.23,5.68
11.24,21.39
11.25,37.10
11.26,38.08
11.27,39.06
11.28,40.05
11.29,41.03
11.30,42.01
11.31,28.34
11.32,14.67
11.33,1.00
11.34,-12.67
11.35,-26.34
11.36,-31.73
11.37,-37.13
11.38,-42.52
11.39,-47.92
11.40,-53.31
11.41,-39.13
11.42,-24.94
11.43,-10.76
11.44,3.43
11.45,17.61
11.46,16.66
11.47,15.71
11.48,14.76
11.49,13.81
11.50,12.86
11.51,13.89
11.52,14.92
11.53,15.96
11.54,16.99
11.55,18.02
11.56,18.13
11.57,18.24
11.58,18.35
11.59,18.46
11.60,18.57
11.61,15.94
11.62,13.31
11.63,10.67
11.64,8.04
11.65,5.41
11.66,4.68
11.67,3.96
11.68,3.23
11.69,2.51
11.70,1.78
11.71,2.29
11.72,2.80
11.73,3.32
11.74,3.83
11.75,4.34
11.76,2.65
11.77,0.96
11.78,-0.74
11.79,-2.43
11.80,-4.12
11.81,-5.75
11.82,-7.39
11.83,-9.02
11.84,-10.66
11.85,-12.29
11.86,-11.21
11.87,-10.13
11.88,-9.05
11.89,-7.97
11.90,-6.89
11.91,-5.95
11.92,-5.01
11.93,-4.07
11.94,-3.13
11.95,-2.19
11.96,-1.68
11.97,-1.17
11.98,-0.67
11.99,-0.16
12.00,0.35
12.01,-4.76
12.02,-9.86
12.03,-14.97
12.04,-20.07
12.05,-25.18
12.06,-19.87
12.07,-14.56
12.08,-9.25
12.09,-3.94
12.10,1.37
12.11,3.24
12.12,5.11
12.13,6.97
12.14,8.84
12.15,10.71
12.16,8.08
12.17,5.45
12.18,2.81
12.19,0.18
12.20,-2.45
12.21,2.54
12.22,7.52
12.23,12.51
12.24,17.49
12.25,22.48
12.26,15.89
12.27,9.29
12.28,2.70
12.29,-3.90
12.30,-10.49
12.31,-5.91
12.32,-1.33
12.33,3.26
12.34,7.84
12.35,12.42
12.36,13.23
12.37,14.04
12.38,14.85
12.39,15.66
12.40,16.47
12.41,12.46
12.42,8.45
12.43,4.43
12.44,0.42
12.45,-3.59
12.46,-1.04
12.47,1.51
12.48,4.06
12.49,6.61
12.50,9.16
12.51,17.24
12.52,25.31
12.53,33.39
12.54,41.46
12.55,49.54
12.56,43.62
12.57,37.70
12.58,31.79
12.59,25.87
12.60,19.95
12.61,-1.86
12.62,-23.66
12.63,-45.47
12.64,-67.27
12.65,-89.08
12.66,-66.27
12.67,-43.46
12.68,-20.65
12.69,2.16
12.70,24.97
12.71,27.77
12.72,30.57
12.73,33.36
12.74,36.16
12.75,38.96
12.76,20.60
12.77,2.25
12.78,-16.11
12.79,-34.46
12.80,-52.82
12.81,-46.81
12.82,-40.80
12.83,-34.78
12.84,-28.77
12.85,-22.76
12.86,-14.13
12.87,-5.50
12.88,3.14
12.89,11.77
12.90,20.40
12.91,23.74
12.92,27.08
12.93,30.41
12.94,33.75
12.95,37.09
12.96,29.38
12.97,21.67
12.98,13.96
12.99,6.25
13.00,-1.46
13.01,-9.22
13.02,-16.99
13.03,-24.75
13.04,-32.52
13.05,-40.28
13.06,-33.78
13.07,-27.29
13.08,-20.79
13.09,-14.30
13.10,-7.80
13.11,-5.97
13.12,-4.15
13.13,-2.32
13.14,-0.50
13.15,1.33
13.16,1.92
13.17,2.51
13.18,3.10
13.19,3.69
13.20,4.28
13.21,5.47
13.22,6.67
13.23,7.86
13.24,9.06
13.25,10.25
13.26,2.23
13.27,-5.79
13.28,-13.82
13.29,-21.84
13.30,-29.86
13.31,-21.87
13.32,-13.89
13.33,-5.90
13.34,2.08
13.35,10.07
13.36,4.95
13.37,-0.17
13.38,-5.30
13.39,-10.42
13.40,-15.54
13.41,-20.99
13.42,-26.43
13.43,-31.88
13.44,-37.32
13.45,-42.77
13.46,-25.21
13.47,-7.65
13.48,9.90
13.49,27.46
13.50,45.02
13.51,41.75
13.52,38.49
13.53,35.22
13.54,31.96
13.55,28.69
13.56,18.13
13.57,7.56
13.58,-3.00
13.59,-13.57
13.60,-24.13
13.61,-20.63
13.62,-17.14
13.63,-13.64
13.64,-10.15
13.65,-6.65
13.66,-0.05
13.67,6.55
13.68,13.14
13.69,19.74
13.70,26.34
13.71,30.03
13.72,33.73
13.73,37.42
13.74,41.12
13.75,44.81
13.76,34.41
13.77,24.02
13.78,13.62
13.79,3.23
13.80,-7.17
13.81,-15.42
13.82,-23.67
13.83,-31.91
13.84,-40.16
13.85,-48.41
13.86,-41.31
13.87,-34.21
13.88,-27.12
13.89,-20.02
13.90,-12.92
13.91,-8.83
13.92,-4.73
13.93,-0.64
13.94,3.46
13.95,7.55
13.96,6.17
13.97,4.78
13.98,3.40
13.99,2.01
14.00,0.63
14.01,4.57
14.02,8.51
14.03,12.46
14.04,16.40
14.05,20.34
14.06,17.20
14.07,14.06
14.08,10.93
14.09,7.79
14.10,4.65
14.11,9.59
14.12,14.53
14.13,19.48
14.14,24.42
14.15,29.36
14.16,29.55
14.17,29.73
14.18,29.92
14.19,30.10
14.20,30.29
14.21,8.49
14.22,-13.31
14.23,-35.10
14.24,-56.90
14.25,-78.70
14.26,-63.04
14.27,-47.37
14.28,-31.71
14.29,-16.04
14.30,-0.38
14.31,8.49
14.32,17.36
14.33,26.22
14.34,35.09
14.35,43.96
14.36,32.62
14.37,21.29
14.38,9.95
14.39,-1.38
14.40,-12.72
14.41,-11.21
14.42,-9.69
14.43,-8.18
14.44,-6.66
14.45,-5.15
14.46,-4.76
14.47,-4.37
14.48,-3.97
14.49,-3.58
14.50,-3.19
14.51,2.23
14.52,7.65
14.53,13.08
14.54,18.50
14.55,23.92
14.56,22.42
14.57,20.92
14.58,19.41
14.59,17.91
14.60,16.41
14.61,9.75
14.62,3.09
14.63,-3.58
14.64,-10.24
14.65,-16.90
14.66,-17.03
14.67,-17.16
14.68,-17.29
14.69,-17.42
14.70,-17.55
14.71,-14.39
14.72,-11.22
14.73,-8.06
14.74,-4.89
14.75,-1.73
14.76,-0.49
14.77,0.75
14.78,2.00
14.79,3.24
14.80,4.48
14.81,8.97
14.82,13.46
14.83,17.96
14.84,22.45
14.85,26.94
14.86,20.26
14.87,13.58
14.88,6.90
14.89,0.22
14.90,-6.46
14.91,-4.74
14.92,-3.02
14.93,-1.29
14.94,0.43
14.95,2.15
14.96,-2.20
14.97,-6.56
14.98,-10.91
14.99,-15.27
15.00,-19.62
15.01,-20.73
15.02,-21.83
15.03,-22.94
15.04,-24.04
15.05,-25.15
15.06,-16.02
15.07,-6.89
15.08,2.23
15.09,11.36
15.10,20.49
15.11,12.74
15.12,4.99
15.13,-2.76
15.14,-10.51
15.15,-18.26
15.16,-19.50
15.17,-20.73
15.18,-21.97
15.19,-23.20
15.20,-24.44
15.21,-25.00
15.22,-25.57
15.23,-26.13
15.24,-26.70
15.25,-27.26
15.26,-23.58
15.27,-19.89
15.28,-16.21
15.29,-12.52
15.30,-8.84
15.31,-4.05
15.32,0.75
15.33,5.54
15.34,10.34
15.35,15.13
15.36,17.18
15.37,19.23
15.38,21.28
15.39,23.33
15.40,25.38
15.41,18.77
15.42,12.15
15.43,5.54
15.44,-1.08
15.45,-7.69
15.46,-14.37
15.47,-21.05
15.48,-27.73
15.49,-34.41
15.50,-41.09
15.51,-32.08
15.52,-23.07
15.53,-14.07
15.54,-5.06
15.55,3.95
15.56,13.34
15.57,22.73
15.58,32.13
15.59,41.52
15.60,50.91
15.61,46.64
15.62,42.37
15.63,38.09
15.64,33.82
15.65,29.55
15.66,17.76
15.67,5.97
15.68,-5.81
15.69,-17.60
15.70,-29.39
15.71,-24.38
15.72,-19.37
15.73,-14.36
15.74,-9.35
15.75,-4.34
15.76,-4.64
15.77,-4.94
15.78,-5.23
15.79,-5.53
15.80,-5.83
15.81,-8.49
15.82,-11.15
15.83,-13.82
15.84,-16.48
15.85,-19.14
15.86,-11.39
15.87,-3.63
15.88,4.12
15.89,11.88
15.90,19.63
15.91,13.03
15.92,6.43
15.93,-0.17
15.94,-6.77
15.95,-13.37
15.96,-9.79
15.97,-6.21
15.98,-2.62
15.99,0.96
16.00,4.54
16.01,6.15
16.02,7.75
16.03,9.36
16.04,10.96
16.05,12.57
16.06,7.96
16.07,3.35
16.08,-1.26
16.09,-5.87
16.10,-10.48
16.11,-4.32
16.12,1.84
16.13,8.00
16.14,14.16
16.15,20.32
16.16,15.81
16.17,11.29
16.18,6.78
16.19,2.26
16.20,-2.25
16.21,-4.42
16.22,-6.59
16.23,-8.77
16.24,-10.94
16.25,-13.11
16.26,-8.31
16.27,-3.51
16.28,1.29
16.29,6.09
16.30,10.89
16.31,9.54
16.32,8.18
16.33,6.83
16.34,5.47
16.35,4.12
16.36,3.90
16.37,3.69
16.38,3.47
16.39,3.26
16.40,3.04
16.41,0.65
16.42,-1.74
16.43,-4.13
16.44,-6.52
16.45,-8.91
16.46,-12.23
16.47,-15.56
16.48,-18.88
16.49,-22.21
16.50,-25.53
16.51,-18.36
16.52,-11.19
16.53,-4.03
16.54,3.14
16.55,10.31
16.56,13.38
16.57,16.45
16.58,19.53
16.59,22.60
16.60,25.67
16.61,19.95
16.62,14.24
16.63,8.52
16.64,2.81
16.65,-2.91
16.66,-3.96
16.67,-5.01
16.68,-6.05
16.69,-7.10
16.70,-8.15
16.71,-5.01
16.72,-1.87
16.73,1.27
16.74,4.41
16.75,7.55
16.76,4.56
16.77,1.56
16.78,-1.43
16.79,-4.43
16.80,-7.42
16.81,-7.14
16.82,-6.85
16.83,-6.57
16.84,-6.28
16.85,-6.00
16.86,-1.07
16.87,3.86
16.88,8.79
16.89,13.72
16.90,18.65
16.91,16.75
16.92,14.84
16.93,12.94
16.94,11.03
16.95,9.13
16.96,12.55
16.97,15.97
16.98,19.38
16.99,22.80
17.00,26.22
17.01,19.07
17.02,11.92
17.03,4.78
17.04,-2.37
17.05,-9.52
17.06,-18.39
17.07,-27.26
17.08,-36.13
17.09,-45.00
17.10,-53.87
17.11,-42.47
17.12,-31.06
17.13,-19.66
17.14,-8.25
17.15,3.15
17.16,9.89
17.17,16.64
17.18,23.38
17.19,30.13
17.20,36.87
17.21,29.13
17.22,21.39
17.23,13.65
17.24,5.91
17.25,-1.83
17.26,-2.18
17.27,-2.53
17.28,-2.89
17.29,-3.24
17.30,-3.59
17.31,-6.55
17.32,-9.51
17.33,-12.46
17.34,-15.42
17.35,-18.38
17.36,-19.83
17.37,-21.27
17.38,-22.72
17.39,-24.16
17.40,-25.61
17.41,-15.66
17.42,-5.70
17.43,4.25
17.44,14.21
17.45,24.16
17.46,17.76
17.47,11.36
17.48,4.95
17.49,-1.45
17.50,-7.85
17.51,-5.86
17.52,-3.88
17.53,-1.89
17.54,0.09
17.55,2.08
17.56,5.58
17.57,9.07
17.58,12.57
17.59,16.06
17.60,19.56
17.61,6.55
17.62,-6.46
17.63,-19.48
17.64,-32.49
17.65,-45.50
17.66,-36.70
17.67,-27.89
17.68,-19.09
17.69,-10.28
17.70,-1.48
17.71,7.96
17.72,17.40
17.73,26.85
17.74,36.29
17.75,45.73
17.76,33.71
17.77,21.69
17.78,9.68
17.79,-2.34
17.80,-14.36
17.81,-13.03
17.82,-11.70
17.83,-10.37
17.84,-9.04
17.85,-7.71
17.86,-3.79
17.87,0.12
17.88,4.04
17.89,7.95
17.90,11.87
17.91,7.85
17.92,3.84
17.93,-0.18
17.94,-4.19
17.95,-8.21
17.96,-5.00
17.97,-1.78
17.98,1.43
17.99,4.65
18.00,7.86
18.01,1.53
18.02,-4.80
18.03,-11.14
18.04,-17.47
18.05,-23.80
18.06,-19.35
18.07,-14.90
18.08,-10.45
18.09,-6.00
18.10,-1.55
18.11,3.69
18.12,8.93
18.13,14.17
18.14,19.41
18.15,24.65
18.16,16.51
18.17,8.37
18.18,0.24
18.19,-7.90
18.20,-16.04
18.21,-8.96
18.22,-1.88
18.23,5.19
18.24,12.27
18.25,19.35
18.26,15.35
18.27,11.36
18.28,7.36
18.29,3.37
18.30,-0.63
18.31,-2.59
18.32,-4.56
18.33,-6.52
18.34,-8.49
18.35,-10.45
18.36,-5.87
18.37,-1.29
18.38,3.30
18.39,7.88
18.40,12.46
18.41,6.73
18.42,1.01
18.43,-4.72
18.44,-10.44
18.45,-16.17
18.46,-13.44
18.47,-10.71
18.48,-7.98
18.49,-5.25
18.50,-2.52
18.51,3.38
18.52,9.27
18.53,15.17
18.54,21.06
18.55,26.96
18.56,22.52
18.57,18.08
18.58,13.63
18.59,9.19
18.60,4.75
18.61,9.55
18.62,14.35
18.63,19.16
18.64,23.96
18.65,28.76
18.66,21.19
18.67,13.63
18.68,6.06
18.69,-1.50
18.70,-9.07
18.71,-7.16
18.72,-5.25
18.73,-3.33
18.74,-1.42
18.75,0.49
18.76,4.32
18.77,8.14
18.78,11.97
18.79,15.79
18.80,19.62
18.81,8.35
18.82,-2.92
18.83,-14.19
18.84,-25.46
18.85,-36.73
18.86,-26.00
18.87,-15.28
18.88,-4.55
18.89,6.17
18.90,16.90
18.91,14.78
18.92,12.67
18.93,10.55
18.94,8.44
18.95,6.32
18.96,6.28
18.97,6.23
18.98,6.19
18.99,6.14
19.00,6.10
19.01,6.84
19.02,7.58
19.03,8.33
19.04,9.07
19.05,9.81
19.06,5.90
19.07,1.99
19.08,-1.91
19.09,-5.82
19.10,-9.73
19.11,-11.38
19.12,-13.03
19.13,-14.68
19.14,-16.33
19.15,-17.98
19.16,-16.83
19.17,-15.67
19.18,-14.52
19.19,-13.36
19.20,-12.21
19.21,-10.89
19.22,-9.58
19.23,-8.26
19.24,-6.95
19.25,-5.63
19.26,-3.98
19.27,-2.33
19.28,-0.67
19.29,0.98
19.30,2.63
19.31,6.93
19.32,11.24
19.33,15.54
19.34,19.85
19.35,24.15
19.36,19.91
19.37,15.68
19.38,11.44
19.39,7.21
19.40,2.97
19.41,-0.65
19.42,-4.27
19.43,-7.90
19.44,-11.52
19.45,-15.14
19.46,-13.78
19.47,-12.43
19.48,-11.07
19.49,-9.72
19.50,-8.36
19.51,-8.10
19.52,-7.83
19.53,-7.57
19.54,-7.30
19.55,-7.04
19.56,-7.93
19.57,-8.81
19.58,-9.70
19.59,-10.58
19.60,-11.47
19.61,-5.59
19.62,0.29
19.63,6.17
19.64,12.05
19.65,17.93
19.66,16.53
19.67,15.13
19.68,13.73
19.69,12.33
19.70,10.93
19.71,2.33
19.72,-6.26
19.73,-14.86
19.74,-23.45
19.75,-32.05
19.76,-22.89
19.77,-13.74
19.78,-4.58
19.79,4.57
19.80,13.73
19.81,9.18
19.82,4.63
19.83,0.09
19.84,-4.46
19.85,-9.01
19.86,-6.10
19.87,-3.18
19.88,-0.27
19.89,2.65
19.90,5.56
19.91,11.58
19.92,17.60
19.93,23.62
19.94,29.64
19.95,35.66
19.96,19.02
19.97,2.37
19.98,-14.27
19.99,-30.92
20.00,-47.56
20.01,-44.47
20.02,-41.39
20.03,-38.30
20.04,-35.22
20.05,-32.13
20.06,-21.11
20.07,-10.09
20.08,0.94
20.09,11.96
20.10,22.98
20.11,25.78
20.12,28.58
20.13,31.37
20.14,34.17
20.15,36.97
20.16,29.96
20.17,22.95
20.18,15.95
20.19,8.94
20.20,1.93
20.21,1.53
20.22,1.13
20.23,0.72
20.24,0.32
20.25,-0.08
20.26,-5.06
20.27,-10.04
20.28,-15.03
20.29,-20.01
20.30,-24.99
20.31,-16.35
20.32,-7.71
20.33,0.92
20.34,9.56
20.35,18.20
20.36,17.22
20.37,16.23
20.38,15.25
20.39,14.26
20.40,13.28
20.41,7.34
20.42,1.39
20.43,-4.55
20.44,-10.50
20.45,-16.44
20.46,-13.51
20.47,-10.59
20.48,-7.66
20.49,-4.74
20.50,-1.81
20.51,-7.26
20.52,-12.70
20.53,-18.15
20.54,-23.59
20.55,-29.04
20.56,-23.36
20.57,-17.67
20.58,-11.99
20.59,-6.30
20.60,-0.62
20.61,-6.44
20.62,-12.26
20.63,-18.09
20.64,-23.91
20.65,-29.73
20.66,-18.69
20.67,-7.66
20.68,3.38
20.69,14.41
20.70,25.45
20.71,26.30
20.72,27.15
20.73,28.00
20.74,28.85
20.75,29.70
20.76,18.82
20.77,7.95
20.78,-2.93
20.79,-13.80
20.80,-24.68
20.81,-17.78
20.82,-10.88
20.83,-3.99
20.84,2.91
20.85,9.81
20.86,11.72
20.87,13.63
20.88,15.53
20.89,17.44
20.90,19.35
20.91,9.60
20.92,-0.15
20.93,-9.89
20.94,-19.64
20.95,-29.39
20.96,-27.64
20.97,-25.89
20.98,-24.14
20.99,-22.39
21.00,-20.64
21.01,-17.29
21.02,-13.94
21.03,-10.58
21.04,-7.23
21.05,-3.88
21.06,-4.95
21.07,-6.02
21.08,-7.10
21.09,-8.17
21.10,-9.24
21.11,-1.25
21.12,6.73
21.13,14.72
21.14,22.70
21.15,30.69
21.16,24.62
21.17,18.54
21.18,12.47
21.19,6.39
21.20,0.32
21.21,7.76
21.22,15.20
21.23,22.64
21.24,30.08
21.25,37.52
21.26,33.15
21.27,28.78
21.28,24.42
21.29,20.05
21.30,15.68
21.31,17.28
21.32,18.87
21.33,20.47
21.34,22.06
21.35,23.66
21.36,17.42
21.37,11.18
21.38,4.95
21.39,-1.29
21.40,-7.53
21.41,-15.36
21.42,-23.20
21.43,-31.03
21.44,-38.87
21.45,-46.70
21.46,-33.48
21.47,-20.26
21.48,-7.04
21.49,6.18
21.50,19.40
21.51,13.57
21.52,7.75
21.53,1.92
21.54,-3.90
21.55,-9.73
21.56,-3.43
21.57,2.88
21.58,9.18
21.59,15.49
21.60,21.79
21.61,15.62
21.62,9.45
21.63,3.29
21.64,-2.88
21.65,-9.05
21.66,-15.27
21.67,-21.48
21.68,-27.70
21.69,-33.91
21.70,-40.13
21.71,-29.64
21.72,-19.15
21.73,-8.66
21.74,1.83
21.75,12.32
21.76,18.14
21.77,23.97
21.78,29.79
21.79,35.62
21.80,41.44
21.81,36.98
21.82,32.52
21.83,28.07
21.84,23.61
21.85,19.15
21.86,14.45
21.87,9.76
21.88,5.06
21.89,0.37
21.90,-4.33
21.91,-5.50
21.92,-6.67
21.93,-7.85
21.94,-9.02
21.95,-10.19
21.96,-14.33
21.97,-18.47
21.98,-22.60
21.99,-26.74
22.00,-30.88
22.01,-22.59
22.02,-14.29
22.03,-6.00
22.04,2.30
22.05,10.59
22.06,12.47
22.07,14.35
22.08,16.24
22.09,18.12
22.10,20.00
22.11,15.76
22.12,11.53
22.13,7.29
22.14,3.06
22.15,-1.18
22.16,-0.04
22.17,1.10
22.18,2.25
22.19,3.39
22.20,4.53
22.21,2.23
22.22,-0.08
22.23,-2.38
22.24,-4.69
22.25,-6.99
22.26,-6.56
22.27,-6.12
22.28,-5.69
22.29,-5.25
22.30,-4.82
22.31,-0.00
22.32,4.81
22.33,9.63
22.34,14.44
22.35,19.26
22.36,16.73
22.37,14.19
22.38,11.66
22.39,9.12
22.40,6.59
22.41,1.82
22.42,-2.94
22.43,-7.71
22.44,-12.47
22.45,-17.24
22.46,-17.72
22.47,-18.21
22.48,-18.69
22.49,-19.18
22.50,-19.66
22.51,-16.47
22.52,-13.27
22.53,-10.08
22.54,-6.88
22.55,-3.69
22.56,-5.21
22.57,-6.73
22.58,-8.26
22.59,-9.78
22.60,-11.30
22.61,-11.85
22.62,-12.41
22.63,-12.96
22.64,-13.52
22.65,-14.07
22.66,-5.70
22.67,2.67
22.68,11.03
22.69,19.40
22.70,27.77
22.71,22.12
22.72,16.46
22.73,10.81
22.74,5.15
22.75,-0.50
22.76,2.31
22.77,5.12
22.78,7.94
22.79,10.75
22.80,13.56
22.81,14.27
22.82,14.99
22.83,15.70
22.84,16.42
22.85,17.13
22.86,11.62
22.87,6.11
22.88,0.59
22.89,-4.92
22.90,-10.43
22.91,-10.61
22.92,-10.79
22.93,-10.97
22.94,-11.15
22.95,-11.33
22.96,-10.85
22.97,-10.37
22.98,-9.89
22.99,-9.41
23.00,-8.93
23.01,-8.74
23.02,-8.55
23.03,-8.35
23.04,-8.16
23.05,-7.97
23.06,-8.01
23.07,-8.05
23.08,-8.08
23.09,-8.12
23.10,-8.16
23.11,-0.38
23.12,7.39
23.13,15.17
23.14,22.94
23.15,30.72
23.16,28.46
23.17,26.21
23.18,23.95
23.19,21.70
23.20,19.44
23.21,18.01
23.22,16.58
23.23,15.16
23.24,13.73
23.25,12.30
23.26,10.20
23.27,8.10
23.28,6.00
23.29,3.90
23.30,1.80
23.31,0.32
23.32,-1.16
23.33,-2.65
23.34,-4.13
23.35,-5.61
23.36,-5.74
23.37,-5.87
23.38,-6.01
23.39,-6.14
23.40,-6.27
23.41,-8.21
23.42,-10.15
23.43,-12.09
23.44,-14.03
23.45,-15.97
23.46,-14.87
23.47,-13.77
23.48,-12.66
23.49,-11.56
23.50,-10.46
23.51,-8.62
23.52,-6.78
23.53,-4.93
23.54,-3.09
23.55,-1.25
23.56,0.79
23.57,2.83
23.58,4.88
23.59,6.92
23.60,8.96
23.61,7.25
23.62,5.54
23.63,3.83
23.64,2.12
23.65,0.41
23.66,1.01
23.67,1.60
23.68,2.20
23.69,2.79
23.70,3.39
23.71,1.63
23.72,-0.12
23.73,-1.88
23.74,-3.63
23.75,-5.39
23.76,-6.64
23.77,-7.89
23.78,-9.13
23.79,-10.38
23.80,-11.63
23.81,-10.66
23.82,-9.69
23.83,-8.71
23.84,-7.74
23.85,-6.77
23.86,-7.29
23.87,-7.81
23.88,-8.34
23.89,-8.86
23.90,-9.38
23.91,-10.09
23.92,-10.81
23.93,-11.52
23.94,-12.24
23.95,-12.95
23.96,-10.95
23.97,-8.95
23.98,-6.94
23.99,-4.94
24.00,-2.94
24.01,-1.69
24.02,-0.43
24.03,0.82
24.04,2.08
24.05,3.33
24.06,3.23
24.07,3.13
24.08,3.03
24.09,2.93
24.10,2.83
24.11,3.39
24.12,3.95
24.13,4.50
24.14,5.06
24.15,5.62
24.16,4.25
24.17,2.88
24.18,1.50
24.19,0.13
24.20,-1.24
24.21,0.14
24.22,1.52
24.23,2.89
24.24,4.27
24.25,5.65
24.26,5.12
24.27,4.60
24.28,4.07
24.29,3.55
24.30,3.02
24.31,1.63
24.32,0.24
24.33,-1.14
24.34,-2.53
24.35,-3.92
24.36,-2.11
24.37,-0.29
24.38,1.52
24.39,3.34
24.40,5.15
24.41,5.49
24.42,5.83
24.43,6.18
24.44,6.52
24.45,6.86
24.46,4.81
24.47,2.77
24.48,0.72
24.49,-1.32
24.50,-3.37
24.51,-1.95
24.52,-0.53
24.53,0.89
24.54,2.31
24.55,3.73
24.56,2.13
24.57,0.53
24.58,-1.06
24.59,-2.66
24.60,-4.26
24.61,-5.46
24.62,-6.66
24.63,-7.86
24.64,-9.06
24.65,-10.26
24.66,-8.86
24.67,-7.46
24.68,-6.07
24.69,-4.67
24.70,-3.27
24.71,-1.48
24.72,0.31
24.73,2.09
24.74,3.88
24.75,5.67
24.76,5.78
24.77,5.89
24.78,5.99
24.79,6.10
24.80,6.21
24.81,4.85
24.82,3.49
24.83,2.12
24.84,0.76
24.85,-0.60
24.86,1.76
24.87,4.11
24.88,6.47
24.89,8.82
24.90,11.18
24.91,8.62
24.92,6.05
24.93,3.49
24.94,0.92
24.95,-1.64
24.96,-1.10
24.97,-0.56
24.98,-0.03
24.99,0.51
25.00,1.05
25.01,2.93
25.02,4.82
25.03,6.70
25.04,8.59
25.05,10.47
25.06,5.98
25.07,1.49
25.08,-3.00
25.09,-7.49
25.10,-11.98
25.11,-10.99
25.12,-9.99
25.13,-9.00
25.14,-8.00
25.15,-7.01
25.16,-3.87
25.17,-0.73
25.18,2.41
25.19,5.55
25.20,8.69
25.21,6.30
25.22,3.90
25.23,1.51
25.24,-0.89
25.25,-3.28
25.26,-2.16
25.27,-1.04
25.28,0.07
25.29,1.19
25.30,2.31
25.31,0.68
25.32,-0.95
25.33,-2.57
25.34,-4.20
25.35,-5.83
25.36,-5.01
25.37,-4.19
25.38,-3.36
25.39,-2.54
25.40,-1.72
25.41,0.48
25.42,2.68
25.43,4.88
25.44,7.08
25.45,9.28
25.46,6.26
25.47,3.24
25.48,0.22
25.49,-2.80
25.50,-5.82
25.51,-4.39
25.52,-2.96
25.53,-1.52
25.54,-0.09
25.55,1.34
25.56,0.09
25.57,-1.17
25.58,-2.42
25.59,-3.68
25.60,-4.93
25.61,-5.32
25.62,-5.71
25.63,-6.11
25.64,-6.50
25.65,-6.89
25.66,-5.07
25.67,-3.24
25.68,-1.42
25.69,0.41
25.70,2.23
25.71,1.47
25.72,0.70
25.73,-0.06
25.74,-0.83
25.75,-1.59
25.76,-1.20
25.77,-0.82
25.78,-0.43
25.79,-0.05
25.80,0.34
25.81,-0.56
25.82,-1.47
25.83,-2.37
25.84,-3.28
25.85,-4.18
25.86,-4.12
25.87,-4.05
25.88,-3.99
25.89,-3.92
25.90,-3.86
25.91,-3.35
25.92,-2.84
25.93,-2.33
25.94,-1.82
25.95,-1.31
25.96,0.39
25.97,2.10
25.98,3.80
25.99,5.51
26.00,7.21
26.01,6.77
26.02,6.34
26.03,5.90
26.04,5.47
26.05,5.03
26.06,2.67
26.07,0.32
26.08,-2.04
26.09,-4.39
26.10,-6.75
26.11,-5.21
26.12,-3.68
26.13,-2.14
26.14,-0.61
26.15,0.93
26.16,0.19
26.17,-0.55
26.18,-1.29
26.19,-2.03
26.20,-2.77
26.21,-1.92
26.22,-1.07
26.23,-0.23
26.24,0.62
26.25,1.47
26.26,1.44
26.27,1.41
26.28,1.39
26.29,1.36
26.30,1.33
26.31,2.25
26.32,3.17
26.33,4.08
26.34,5.00
26.35,5.92
26.36,4.92
26.37,3.92
26.38,2.91
26.39,1.91
26.40,0.91
26.41,1.14
26.42,1.36
26.43,1.59
26.44,1.81
26.45,2.04
26.46,2.09
26.47,2.15
26.48,2.20
26.49,2.26
26.50,2.31
26.51,1.04
26.52,-0.22
26.53,-1.49
26.54,-2.75
26.55,-4.02
26.56,-1.61
26.57,0.79
26.58,3.20
26.59,5.60
26.60,8.01
26.61,6.43
26.62,4.86
26.63,3.28
26.64,1.71
26.65,0.13
26.66,-1.33
26.67,-2.80
26.68,-4.26
26.69,-5.73
26.70,-7.19
26.71,-4.76
26.72,-2.33
26.73,0.11
26.74,2.54
26.75,4.97
26.76,6.16
26.77,7.35
26.78,8.53
26.79,9.72
26.80,10.91
26.81,8.16
26.82,5.41
26.83,2.65
26.84,-0.10
26.85,-2.85
26.86,-6.39
26.87,-9.94
26.88,-13.48
26.89,-17.03
26.90,-20.57
26.91,-17.20
26.92,-13.83
26.93,-10.47
26.94,-7.10
26.95,-3.73
26.96,1.21
26.97,6.16
26.98,11.10
26.99,16.05
27.00,20.99
27.01,16.35
27.02,11.71
27.03,7.08
27.04,2.44
27.05,-2.20
27.06,-2.96
27.07,-3.72
27.08,-4.49
27.09,-5.25
27.10,-6.01
27.11,-5.98
27.12,-5.94
27.13,-5.91
27.14,-5.87
27.15,-5.84
27.16,-5.05
27.17,-4.26
27.18,-3.48
27.19,-2.69
27.20,-1.90
27.21,-0.22
27.22,1.46
27.23,3.14
27.24,4.82
27.25,6.50
27.26,4.25
27.27,2.00
27.28,-0.24
27.29,-2.49
27.30,-4.74
27.31,-2.71
27.32,-0.68
27.33,1.34
27.34,3.37
27.35,5.40
27.36,4.92
27.37,4.44
27.38,3.95
27.39,3.47
27.40,2.99
27.41,1.68
27.42,0.37
27.43,-0.95
27.44,-2.26
27.45,-3.57
27.46,-2.78
27.47,-1.99
27.48,-1.19
27.49,-0.40
27.50,0.39
27.51,0.50
27.52,0.61
27.53,0.73
27.54,0.84
27.55,0.95
27.56,1.63
27.57,2.30
27.58,2.98
27.59,3.65
27.60,4.33
27.61,2.65
27.62,0.97
27.63,-0.72
27.64,-2.40
27.65,-4.08
27.66,-3.72
27.67,-3.37
27.68,-3.01
27.69,-2.66
27.70,-2.30
27.71,-1.05
27.72,0.21
27.73,1.46
27.74,2.72
27.75,3.97
27.76,3.06
27.77,2.15
27.78,1.25
27.79,0.34
27.80,-0.57
27.81,-1.56
27.82,-2.54
27.83,-3.53
27.84,-4.51
27.85,-5.50
27.86,-5.37
27.87,-5.24
27.88,-5.10
27.89,-4.97
27.90,-4.84
27.91,-3.82
27.92,-2.80
27.93,-1.77
27.94,-0.75
27.95,0.27
27.96,0.07
27.97,-0.14
27.98,-0.34
27.99,-0.55
28.00,-0.75
28.01,-0.87
28.02,-0.98
28.03,-1.10
28.04,-1.21
28.05,-1.33
28.06,-1.52
28.07,-1.71
28.08,-1.91
28.09,-2.10
28.10,-2.29
28.11,-2.12
28.12,-1.95
28.13,-1.79
28.14,-1.62
28.15,-1.45
28.16,-0.68
28.17,0.08
28.18,0.85
28.19,1.61
28.20,2.38
28.21,2.30
28.22,2.22
28.23,2.15
28.24,2.07
28.25,1.99
28.26,1.69
28.27,1.39
28.28,1.08
28.29,0.78
28.30,0.48
28.31,0.89
28.32,1.30
28.33,1.71
28.34,2.12
28.35,2.53
28.36,4.02
28.37,5.50
28.38,6.99
28.39,8.47
28.40,9.96
28.41,7.89
28.42,5.82
28.43,3.76
28.44,1.69
28.45,-0.38
28.46,-0.44
28.47,-0.50
28.48,-0.55
28.49,-0.61
28.50,-0.67
28.51,-0.77
28.52,-0.86
28.53,-0.96
28.54,-1.05
28.55,-1.15
28.56,-1.51
28.57,-1.86
28.58,-2.22
28.59,-2.57
28.60,-2.93
28.61,-0.28
28.62,2.37
28.63,5.01
28.64,7.66
28.65,10.31
28.66,7.65
28.67,5.00
28.68,2.34
28.69,-0.31
28.70,-2.97
28.71,-2.51
28.72,-2.04
28.73,-1.58
28.74,-1.11
28.75,-0.65
28.76,-0.54
28.77,-0.43
28.78,-0.31
28.79,-0.20
28.80,-0.09
28.81,0.14
28.82,0.37
28.83,0.60
28.84,0.83
28.85,1.06
28.86,1.18
28.87,1.30
28.88,1.42
28.89,1.54
28.90,1.66
28.91,0.09
28.92,-1.48
28.93,-3.04
28.94,-4.61
28.95,-6.18
28.96,-4.82
28.97,-3.46
28.98,-2.10
28.99,-0.74
29.00,0.62
29.01,0.44
29.02,0.26
29.03,0.09
29.04,-0.09
29.05,-0.27
29.06,-0.79
29.07,-1.30
29.08,-1.82
29.09,-2.33
29.10,-2.85
29.11,-2.26
29.12,-1.67
29.13,-1.08
29.14,-0.49
29.15,0.10
29.16,0.40
29.17,0.70
29.18,1.01
29.19,1.31
29.20,1.61
29.21,1.54
29.22,1.47
29.23,1.41
29.24,1.34
29.25,1.27
29.26,0.55
29.27,-0.17
29.28,-0.89
29.29,-1.61
29.30,-2.33
29.31,-2.58
29.32,-2.83
29.33,-3.08
29.34,-3.33
29.35,-3.58
29.36,-2.32
29.37,-1.06
29.38,0.21
29.39,1.47
29.40,2.73
29.41,2.20
29.42,1.66
29.43,1.13
29.44,0.59
29.45,0.06
29.46,-0.47
29.47,-1.01
29.48,-1.54
29.49,-2.08
29.50,-2.61
29.51,-1.66
29.52,-0.70
29.53,0.25
29.54,1.21
29.55,2.16
29.56,1.92
29.57,1.68
29.58,1.44
29.59,1.20
29.60,0.96
29.61,0.39
29.62,-0.18
29.63,-0.74
29.64,-1.31
29.65,-1.88
29.66,-1.28
29.67,-0.68
29.68,-0.07
29.69,0.53
29.70,1.13
29.71,0.68
29.72,0.23
29.73,-0.22
29.74,-0.67
29.75,-1.12
29.76,-0.56
29.77,-0.00
29.78,0.56
29.79,1.12
29.80,1.68
29.81,1.07
29.82,0.46
29.83,-0.14
29.84,-0.75
29.85,-1.36
29.86,-1.37
29.87,-1.39
29.88,-1.40
29.89,-1.42
29.90,-1.43
29.91,-1.10
29.92,-0.77
29.93,-0.43
29.94,-0.10
29.95,0.23
29.96,-0.15
29.97,-0.54
29.98,-0.92
29.99,-1.31
30.00,-1.69
30.01,-0.94
30.02,-0.19
30.03,0.55
30.04,1.30
30.05,2.05
30.06,1.05
30.07,0.05
30.08,-0.95
30.09,-1.95
30.10,-2.95
30.11,-1.93
30.12,-0.90
30.13,0.12
30.14,1.15
30.15,2.17
30.16,2.34
30.17,2.51
30.18,2.67
30.19,2.84
30.20,3.01
30.21,2.41
30.22,1.81
30.23,1.21
30.24,0.61
30.25,0.01
30.26,0.80
30.27,1.58
30.28,2.37
30.29,3.15
30.30,3.94
30.31,3.79
30.32,3.63
30.33,3.48
30.34,3.32
30.35,3.17
30.36,2.54
30.37,1.91
30.38,1.27
30.39,0.64
30.40,0.01
30.41,0.51
30.42,1.01
30.43,1.51
30.44,2.01
30.45,2.51
30.46,1.89
30.47,1.27
30.48,0.65
30.49,0.03
30.50,-0.59
30.51,-1.35
30.52,-2.12
30.53,-2.88
30.54,-3.65
30.55,-4.41
30.56,-4.10
30.57,-3.79
30.58,-3.47
30.59,-3.16
30.60,-2.85
30.61,-2.10
30.62,-1.35
30.63,-0.61
30.64,0.14
30.65,0.89
30.66,0.94
30.67,0.99
30.68,1.03
30.69,1.08
30.70,1.13
30.71,-0.10
30.72,-1.33
30.73,-2.55
30.74,-3.78
30.75,-5.01
30.76,-3.82
30.77,-2.63
30.78,-1.45
30.79,-0.26
30.80,0.93
30.81,1.27
30.82,1.62
30.83,1.96
30.84,2.31
30.85,2.65
30.86,2.01
30.87,1.37
30.88,0.73
30.89,0.09
30.90,-0.55
30.91,-1.01
30.92,-1.46
30.93,-1.92
30.94,-2.37
30.95,-2.83
30.96,-2.60
30.97,-2.38
30.98,-2.15
30.99,-1.93
31.00,-1.70
31.01,-1.92
31.02,-2.14
31.03,-2.36
31.04,-2.58
31.05,-2.80
31.06,-2.37
31.07,-1.94
31.08,-1.52
31.09,-1.09
31.10,-0.66
31.11,0.04
31.12,0.74
31.13,1.44
31.14,2.14
31.15,2.84
31.16,1.61
31.17,0.37
31.18,-0.86
31.19,-2.10
31.20,-3.33
31.21,-3.21
31.22,-3.10
31.23,-2.98
31.24,-2.87
31.25,-2.75
31.26,-3.14
31.27,-3.53
31.28,-3.92
31.29,-4.31
31.30,-4.70
31.31,-4.41
31.32,-4.12
31.33,-3.83
31.34,-3.54
31.35,-3.25
31.36,-2.28
31.37,-1.31
31.38,-0.33
31.39,0.64
31.40,1.61
31.41,1.83
31.42,2.05
31.43,2.27
31.44,2.49
31.45,2.71
31.46,3.78
31.47,4.84
31.48,5.91
31.49,6.97
31.50,8.04
31.51,7.01
31.52,5.98
31.53,4.95
31.54,3.92
31.55,2.89
31.56,1.47
31.57,0.05
31.58,-1.36
31.59,-2.78
31.60,-4.20
31.61,-3.34
31.62,-2.49
31.63,-1.63
31.64,-0.78
31.65,0.08
31.66,0.37
31.67,0.65
31.68,0.94
31.69,1.22
31.70,1.51
31.71,1.11
31.72,0.71
31.73,0.32
31.74,-0.08
31.75,-0.48
31.76,-0.31
31.77,-0.13
31.78,0.04
31.79,0.22
31.80,0.39
31.81,-0.51
31.82,-1.41
31.83,-2.31
31.84,-3.21
31.85,-4.11
31.86,-3.49
31.87,-2.86
31.88,-2.24
31.89,-1.61
31.90,-0.99
31.91,-0.92
31.92,-0.85
31.93,-0.79
31.94,-0.72
31.95,-0.65
31.96,-0.34
31.97,-0.03
31.98,0.27
31.99,0.58
32.00,0.89
32.01,1.09
32.02,1.29
32.03,1.49
32.04,1.69
32.05,1.89
32.06,1.17
32.07,0.45
32.08,-0.27
32.09,-0.99
32.10,-1.71
32.11,-0.96
32.12,-0.21
32.13,0.55
32.14,1.30
32.15,2.05
32.16,1.06
32.17,0.07
32.18,-0.92
32.19,-1.91
32.20,-2.90
32.21,-2.10
32.22,-1.30
32.23,-0.50
32.24,0.30
32.25,1.10
32.26,1.17
32.27,1.23
32.28,1.30
32.29,1.36
32.30,1.43
32.31,1.15
32.32,0.86
32.33,0.58
32.34,0.29
32.35,0.01
32.36,0.11
32.37,0.21
32.38,0.32
32.39,0.42
32.40,0.52
32.41,0.30
32.42,0.08
32.43,-0.13
32.44,-0.35
32.45,-0.57
32.46,0.22
32.47,1.01
32.48,1.79
32.49,2.58
32.50,3.37
32.51,2.89
32.52,2.41
32.53,1.94
32.54,1.46
32.55,0.98
32.56,0.55
32.57,0.12
32.58,-0.32
32.59,-0.75
32.60,-1.18
32.61,-0.76
32.62,-0.34
32.63,0.08
32.64,0.50
32.65,0.92
32.66,0.19
32.67,-0.53
32.68,-1.26
32.69,-1.98
32.70,-2.71
32.71,-1.74
32.72,-0.78
32.73,0.19
32.74,1.15
32.75,2.12
32.76,2.22
32.77,2.33
32.78,2.43
32.79,2.54
32.80,2.64
32.81,2.08
32.82,1.52
32.83,0.96
32.84,0.40
32.85,-0.16
32.86,-0.15
32.87,-0.13
32.88,-0.12
32.89,-0.10
32.90,-0.09
32.91,-0.68
32.92,-1.27
32.93,-1.85
32.94,-2.44
32.95,-3.03
32.96,-1.62
32.97,-0.21
32.98,1.19
32.99,2.60
33.00,4.01
33.01,2.72
33.02,1.42
33.03,0.13
33.04,-1.17
33.05,-2.46
33.06,-2.23
33.07,-1.99
33.08,-1.76
33.09,-1.52
33.10,-1.29
33.11,-0.59
33.12,0.10
33.13,0.80
33.14,1.49
33.15,2.19
33.16,1.53
33.17,0.86
33.18,0.20
33.19,-0.47
33.20,-1.13
33.21,-1.06
33.22,-0.99
33.23,-0.92
33.24,-0.85
33.25,-0.78
33.26,-0.69
33.27,-0.59
33.28,-0.50
33.29,-0.40
33.30,-0.31
33.31,-0.28
33.32,-0.25
33.33,-0.23
33.34,-0.20
33.35,-0.17
33.36,0.18
33.37,0.53
33.38,0.88
33.39,1.23
33.40,1.58
33.41,1.29
33.42,1.00
33.43,0.71
33.44,0.42
33.45,0.13
33.46,-0.61
33.47,-1.35
33.48,-2.10
33.49,-2.84
33.50,-3.58
33.51,-2.30
33.52,-1.02
33.53,0.25
33.54,1.53
33.55,2.81
33.56,1.88
33.57,0.95
33.58,0.03
33.59,-0.90
33.60,-1.83
33.61,-1.76
33.62,-1.69
33.63,-1.63
33.64,-1.56
33.65,-1.49
33.66,-0.85
33.67,-0.20
33.68,0.44
33.69,1.09
33.70,1.73
33.71,1.22
33.72,0.70
33.73,0.19
33.74,-0.33
33.75,-0.84
33.76,-0.30
33.77,0.23
33.78,0.77
33.79,1.30
33.80,1.84
33.81,2.36
33.82,2.88
33.83,3.41
33.84,3.93
33.85,4.45
33.86,3.15
33.87,1.86
33.88,0.56
33.89,-0.73
33.90,-2.03
33.91,-1.93
33.92,-1.83
33.93,-1.74
33.94,-1.64
33.95,-1.54
33.96,-1.45
33.97,-1.36
33.98,-1.28
33.99,-1.19
34.00,-1.10
34.01,-0.76
34.02,-0.41
34.03,-0.07
34.04,0.28
34.05,0.62
34.06,0.86
34.07,1.10
34.08,1.35
34.09,1.59
34.10,1.83
34.11,0.52
34.12,-0.79
34.13,-2.11
34.14,-3.42
34.15,-4.73
34.16,-3.11
34.17,-1.50
34.18,0.12
34.19,1.73
34.20,3.35
34.21,2.83
34.22,2.32
34.23,1.80
34.24,1.29
34.25,0.77
34.26,0.52
34.27,0.26
34.28,0.01
34.29,-0.25
34.30,-0.50
34.31,0.43
34.32,1.35
34.33,2.28
34.34,3.20
34.35,4.13
34.36,3.28
34.37,2.43
34.38,1.57
34.39,0.72
34.40,-0.13
34.41,-0.02
34.42,0.09
34.43,0.20
34.44,0.31
34.45,0.42
34.46,0.51
34.47,0.60
34.48,0.68
34.49,0.77
34.50,0.86
34.51,0.03
34.52,-0.80
34.53,-1.62
34.54,-2.45
34.55,-3.28
34.56,-2.33
34.57,-1.38
34.58,-0.44
34.59,0.51
34.60,1.46
34.61,0.61
34.62,-0.24
34.63,-1.08
34.64,-1.93
34.65,-2.78
34.66,-2.73
34.67,-2.68
34.68,-2.63
34.69,-2.58
34.70,-2.53
34.71,-1.51
34.72,-0.49
34.73,0.53
34.74,1.55
34.75,2.57
34.76,1.55
34.77,0.53
34.78,-0.49
34.79,-1.51
34.80,-2.53
34.81,-1.72
34.82,-0.91
34.83,-0.10
34.84,0.71
34.85,1.52
34.86,1.36
34.87,1.20
34.88,1.04
34.89,0.88
34.90,0.72
34.91,-0.13
34.92,-0.98
34.93,-1.83
34.94,-2.68
34.95,-3.53
34.96,-3.39
34.97,-3.25
34.98,-3.12
34.99,-2.98
35.00,-2.84
35.01,-2.27
35.02,-1.71
35.03,-1.14
35.04,-0.58
35.05,-0.01
35.06,0.17
35.07,0.35
35.08,0.53
35.09,0.71
35.10,0.89
35.11,0.67
35.12,0.45
35.13,0.22
35.14,0.00
35.15,-0.22
35.16,-0.48
35.17,-0.75
35.18,-1.01
35.19,-1.28
35.20,-1.54
35.21,-1.11
35.22,-0.68
35.23,-0.25
35.24,0.18
35.25,0.61
35.26,0.78
35.27,0.96
35.28,1.13
35.29,1.31
35.30,1.48
35.31,1.46
35.32,1.44
35.33,1.43
35.34,1.41
35.35,1.39
35.36,1.64
35.37,1.89
35.38,2.14
35.39,2.39
35.40,2.64
35.41,2.09
35.42,1.54
35.43,1.00
35.44,0.45
35.45,-0.10
35.46,-0.68
35.47,-1.26
35.48,-1.85
35.49,-2.43
35.50,-3.01
35.51,-2.70
35.52,-2.39
35.53,-2.07
35.54,-1.76
35.55,-1.45
35.56,-0.74
35.57,-0.02
35.58,0.69
35.59,1.41
35.60,2.12
35.61,1.73
35.62,1.35
35.63,0.96
35.64,0.58
35.65,0.19
35.66,0.08
35.67,-0.03
35.68,-0.15
35.69,-0.26
35.70,-0.37
35.71,0.16
35.72,0.69
35.73,1.23
35.74,1.76
35.75,2.29
35.76,2.13
35.77,1.97
35.78,1.81
35.79,1.65
35.80,1.49
35.81,1.62
35.82,1.75
35.83,1.88
35.84,2.01
35.85,2.14
35.86,1.70
35.87,1.27
35.88,0.83
35.89,0.40
35.90,-0.04
35.91,-0.10
35.92,-0.16
35.93,-0.21
35.94,-0.27
35.95,-0.33
35.96,0.30
35.97,0.93
35.98,1.55
35.99,2.18
36.00,2.81
36.01,2.10
36.02,1.40
36.03,0.69
36.04,-0.01
36.05,-0.72
36.06,-0.50
36.07,-0.27
36.08,-0.05
36.09,0.18
36.10,0.40
36.11,0.57
36.12,0.74
36.13,0.92
36.14,1.09
36.15,1.26
36.16,1.16
36.17,1.06
36.18,0.96
36.19,0.86
36.20,0.76
36.21,0.98
36.22,1.20
36.23,1.41
36.24,1.63
36.25,1.85
36.26,1.33
36.27,0.81
36.28,0.28
36.29,-0.24
36.30,-0.76
36.31,-0.99
36.32,-1.22
36.33,-1.46
36.34,-1.69
36.35,-1.92
36.36,-1.57
36.37,-1.22
36.38,-0.87
36.39,-0.52
36.40,-0.17
36.41,0.15
36.42,0.47
36.43,0.79
36.44,1.11
36.45,1.43
36.46,1.50
36.47,1.57
36.48,1.64
36.49,1.71
36.50,1.78
36.51,1.46
36.52,1.15
36.53,0.83
36.54,0.52
36.55,0.20
36.56,0.20
36.57,0.21
36.58,0.21
36.59,0.22
36.60,0.22
36.61,0.07
36.62,-0.08
36.63,-0.23
36.64,-0.38
36.65,-0.53
36.66,-0.99
36.67,-1.45
36.68,-1.90
36.69,-2.36
36.70,-2.82
36.71,-2.81
36.72,-2.79
36.73,-2.78
36.74,-2.76
36.75,-2.75
36.76,-2.54
36.77,-2.32
36.78,-2.11
36.79,-1.89
36.80,-1.68
36.81,-1.20
36.82,-0.73
36.83,-0.25
36.84,0.22
36.85,0.70
36.86,0.45
36.87,0.21
36.88,-0.04
36.89,-0.28
36.90,-0.53
36.91,-0.51
36.92,-0.49
36.93,-0.47
36.94,-0.45
36.95,-0.43
36.96,-0.47
36.97,-0.51
36.98,-0.55
36.99,-0.59
37.00,-0.63
37.01,-0.80
37.02,-0.97
37.03,-1.13
37.04,-1.30
37.05,-1.47
37.06,-1.09
37.07,-0.71
37.08,-0.33
37.09,0.05
37.10,0.43
37.11,0.25
37.12,0.08
37.13,-0.10
37.14,-0.27
37.15,-0.45
37.16,-0.76
37.17,-1.08
37.18,-1.39
37.19,-1.71
37.20,-2.02
37.21,-1.90
37.22,-1.78
37.23,-1.67
37.24,-1.55
37.25,-1.43
37.26,-0.97
37.27,-0.50
37.28,-0.04
37.29,0.43
37.30,0.89
37.31,0.71
37.32,0.53
37.33,0.36
37.34,0.18
37.35,0.00
37.36,-0.19
37.37,-0.38
37.38,-0.58
37.39,-0.77
37.40,-0.96
37.41,-0.96
37.42,-0.95
37.43,-0.95
37.44,-0.94
37.45,-0.94
37.46,-0.85
37.47,-0.75
37.48,-0.66
37.49,-0.56
37.50,-0.47
37.51,-0.44
37.52,-0.41
37.53,-0.39
37.54,-0.36
37.55,-0.33
37.56,-0.18
37.57,-0.04
37.58,0.11
37.59,0.25
37.60,0.40
37.61,0.93
37.62,1.46
37.63,1.99
37.64,2.52
37.65,3.05
37.66,2.63
37.67,2.21
37.68,1.80
37.69,1.38
37.70,0.96
37.71,0.79
37.72,0.62
37.73,0.46
37.74,0.29
37.75,0.12
37.76,0.31
37.77,0.50
37.78,0.68
37.79,0.87
37.80,1.06
37.81,1.14
37.82,1.22
37.83,1.31
37.84,1.39
37.85,1.47
37.86,1.89
37.87,2.30
37.88,2.72
37.89,3.13
37.90,3.55
37.91,2.98
37.92,2.41
37.93,1.83
37.94,1.26
37.95,0.69
37.96,0.34
37.97,-0.01
37.98,-0.36
37.99,-0.71
38.00,-1.06
38.01,-0.61
38.02,-0.16
38.03,0.28
38.04,0.73
38.05,1.18
38.06,1.10
38.07,1.02
38.08,0.93
38.09,0.85
38.10,0.77
38.11,0.37
38.12,-0.03
38.13,-0.43
38.14,-0.83
38.15,-1.23
38.16,-1.66
38.17,-2.09
38.18,-2.51
38.19,-2.94
38.20,-3.37
38.21,-3.17
38.22,-2.96
38.23,-2.76
38.24,-2.55
38.25,-2.35
38.26,-1.63
38.27,-0.91
38.28,-0.20
38.29,0.52
38.30,1.24
38.31,1.24
38.32,1.24
38.33,1.23
38.34,1.23
38.35,1.23
38.36,1.03
38.37,0.83
38.38,0.64
38.39,0.44
38.40,0.24
38.41,0.12
38.42,-0.00
38.43,-0.13
38.44,-0.25
38.45,-0.37
38.46,-0.41
38.47,-0.45
38.48,-0.49
38.49,-0.53
38.50,-0.57
38.51,-0.45
38.52,-0.33
38.53,-0.21
38.54,-0.09
38.55,0.03
38.56,-0.16
38.57,-0.36
38.58,-0.55
38.59,-0.75
38.60,-0.94
38.61,-0.45
38.62,0.03
38.63,0.52
38.64,1.00
38.65,1.49
38.66,1.14
38.67,0.78
38.68,0.43
38.69,0.07
38.70,-0.28
38.71,-0.12
38.72,0.04
38.73,0.21
38.74,0.37
38.75,0.53
38.76,0.74
38.77,0.94
38.78,1.15
38.79,1.35
38.80,1.56
38.81,1.15
38.82,0.75
38.83,0.34
38.84,-0.06
38.85,-0.47
38.86,-0.50
38.87,-0.54
38.88,-0.57
38.89,-0.61
38.90,-0.64
38.91,-1.04
38.92,-1.44
38.93,-1.83
38.94,-2.23
38.95,-2.63
38.96,-2.06
38.97,-1.49
38.98,-0.91
38.99,-0.34
39.00,0.23
39.01,0.22
39.02,0.21
39.03,0.21
39.04,0.20
39.05,0.19
39.06,-0.05
39.07,-0.29
39.08,-0.54
39.09,-0.78
39.10,-1.02
39.11,-0.77
39.12,-0.51
39.13,-0.26
39.14,-0.00
39.15,0.25
39.16,0.34
39.17,0.43
39.18,0.51
39.19,0.60
39.20,0.69
39.21,0.90
39.22,1.11
39.23,1.31
39.24,1.52
39.25,1.73
39.26,1.37
39.27,1.02
39.28,0.66
39.29,0.31
39.30,-0.05
39.31,-0.05
39.32,-0.05
39.33,-0.04
39.34,-0.04
39.35,-0.04
39.36,-0.26
39.37,-0.49
39.38,-0.71
39.39,-0.94
39.40,-1.16
39.41,-0.99
39.42,-0.82
39.43,-0.66
39.44,-0.49
39.45,-0.32
39.46,-0.01
39.47,0.30
39.48,0.61
39.49,0.92
39.50,1.23
39.51,0.81
39.52,0.39
39.53,-0.02
39.54,-0.44
39.55,-0.86
39.56,-0.75
39.57,-0.64
39.58,-0.53
39.59,-0.42
39.60,-0.31
39.61,-0.32
39.62,-0.33
39.63,-0.33
39.64,-0.34
39.65,-0.35
39.66,-0.31
39.67,-0.28
39.68,-0.24
39.69,-0.21
39.70,-0.17
39.71,-0.41
39.72,-0.66
39.73,-0.90
39.74,-1.15
39.75,-1.39
39.76,-1.30
39.77,-1.22
39.78,-1.13
39.79,-1.05
39.80,-0.96
39.81,-0.86
39.82,-0.76
39.83,-0.65
39.84,-0.55
39.85,-0.45
39.86,-0.36
39.87,-0.28
39.88,-0.19
39.89,-0.11
39.90,-0.02
39.91,0.02
39.92,0.06
39.93,0.10
39.94,0.14
39.95,0.18
39.96,0.32
39.97,0.45
39.98,0.59
39.99,0.72
40.00,0.86
40.01,0.94
40.02,1.02
40.03,1.11
40.04,1.19
40.05,1.27
40.06,0.66
40.07,0.05
40.08,-0.56
40.09,-1.17
40.10,-1.78
40.11,-1.73
40.12,-1.68
40.13,-1.64
40.14,-1.59
40.15,-1.54
40.16,-1.15
40.17,-0.75
40.18,-0.36
40.19,0.04
40.20,0.43
40.21,0.28
40.22,0.13
40.23,-0.01
40.24,-0.16
40.25,-0.31
40.26,-0.22
40.27,-0.14
40.28,-0.05
40.29,0.03
40.30,0.12
40.31,0.07
40.32,0.01
40.33,-0.04
40.34,-0.10
40.35,-0.15
40.36,-0.05
40.37,0.05
40.38,0.15
40.39,0.25
40.40,0.35
40.41,0.15
40.42,-0.04
40.43,-0.24
40.44,-0.43
40.45,-0.63
40.46,-0.36
40.47,-0.09
40.48,0.17
40.49,0.44
40.50,0.71
40.51,0.66
40.52,0.61
40.53,0.57
40.54,0.52
40.55,0.47
40.56,0.04
40.57,-0.39
40.58,-0.82
40.59,-1.25
40.60,-1.68
40.61,-0.97
40.62,-0.26
40.63,0.45
40.64,1.16
40.65,1.87
40.66,1.08
40.67,0.29
40.68,-0.50
40.69,-1.29
40.70,-2.08
40.71,-1.47
40.72,-0.87
40.73,-0.26
40.74,0.34
40.75,0.95
40.76,0.85
40.77,0.76
40.78,0.66
40.79,0.57
40.80,0.47
40.81,-0.26
40.82,-0.98
40.83,-1.71
40.84,-2.43
40.85,-3.16
40.86,-2.08
40.87,-0.99
40.88,0.09
40.89,1.18
40.90,2.26
40.91,1.85
40.92,1.44
40.93,1.02
40.94,0.61
40.95,0.20
40.96,0.35
40.97,0.51
40.98,0.66
40.99,0.82
41.00,0.97
41.01,1.05
41.02,1.13
41.03,1.21
41.04,1.29
41.05,1.37
41.06,0.89
41.07,0.42
41.08,-0.06
41.09,-0.53
41.10,-1.01
41.11,-0.58
41.12,-0.15
41.13,0.28
41.14,0.71
41.15,1.14
41.16,0.91
41.17,0.69
41.18,0.46
41.19,0.24
41.20,0.01
41.21,0.32
41.22,0.64
41.23,0.95
41.24,1.27
41.25,1.58
41.26,1.72
41.27,1.86
41.28,1.99
41.29,2.13
41.30,2.27
41.31,1.68
41.32,1.09
41.33,0.51
41.34,-0.08
41.35,-0.67
41.36,-0.35
41.37,-0.03
41.38,0.28
41.39,0.60
41.40,0.92
41.41,0.70
41.42,0.48
41.43,0.26
41.44,0.04
41.45,-0.18
41.46,-0.33
41.47,-0.47
41.48,-0.62
41.49,-0.76
41.50,-0.91
41.51,-0.77
41.52,-0.64
41.53,-0.50
41.54,-0.37
41.55,-0.23
41.56,-0.18
41.57,-0.14
41.58,-0.09
41.59,-0.05
41.60,0.00
41.61,-0.19
41.62,-0.38
41.63,-0.58
41.64,-0.77
41.65,-0.96
41.66,-0.91
41.67,-0.87
41.68,-0.82
41.69,-0.78
41.70,-0.73
41.71,-0.42
41.72,-0.12
41.73,0.19
41.74,0.49
41.75,0.80
41.76,0.35
41.77,-0.10
41.78,-0.56
41.79,-1.01
41.80,-1.46
41.81,-1.32
41.82,-1.17
41.83,-1.03
41.84,-0.88
41.85,-0.74
41.86,-0.36
41.87,0.02
41.88,0.39
41.89,0.77
41.90,1.15
41.91,1.07
41.92,0.99
41.93,0.90
41.94,0.82
41.95,0.74
41.96,0.94
41.97,1.15
41.98,1.35
41.99,1.56
42.00,1.76
42.01,1.52
42.02,1.27
42.03,1.03
42.04,0.78
42.05,0.54
42.06,0.22
42.07,-0.10
42.08,-0.42
42.09,-0.74
42.10,-1.06
42.11,-0.63
42.12,-0.20
42.13,0.24
42.14,0.67
42.15,1.10
42.16,0.82
42.17,0.54
42.18,0.26
42.19,-0.02
42.20,-0.30
42.21,-0.27
42.22,-0.23
42.23,-0.20
42.24,-0.16
42.25,-0.13
42.26,-0.12
42.27,-0.11
42.28,-0.10
42.29,-0.09
42.30,-0.08
42.31,-0.33
42.32,-0.57
42.33,-0.82
42.34,-1.06
42.35,-1.31
42.36,-1.12
42.37,-0.93
42.38,-0.73
42.39,-0.54
42.40,-0.35
42.41,-0.09
42.42,0.17
42.43,0.42
42.44,0.68
42.45,0.94
42.46,0.62
42.47,0.30
42.48,-0.02
42.49,-0.34
42.50,-0.66
42.51,-1.04
42.52,-1.41
42.53,-1.79
42.54,-2.16
42.55,-2.54
42.56,-1.83
42.57,-1.12
42.58,-0.42
42.59,0.29
42.60,1.00
42.61,0.66
42.62,0.32
42.63,-0.02
42.64,-0.36
42.65,-0.70
42.66,-0.52
42.67,-0.34
42.68,-0.16
42.69,0.02
42.70,0.20
42.71,0.14
42.72,0.08
42.73,0.01
42.74,-0.05
42.75,-0.11
42.76,-0.33
42.77,-0.54
42.78,-0.76
42.79,-0.97
42.80,-1.19
42.81,-0.49
42.82,0.20
42.83,0.90
42.84,1.59
42.85,2.29
42.86,1.75
42.87,1.21
42.88,0.68
42.89,0.14
42.90,-0.40
42.91,-1.02
42.92,-1.63
42.93,-2.25
42.94,-2.86
42.95,-3.48
42.96,-2.61
42.97,-1.74
42.98,-0.86
42.99,0.01
43.00,0.88
43.01,0.40
43.02,-0.07
43.03,-0.55
43.04,-1.02
43.05,-1.50
43.06,-1.52
43.07,-1.54
43.08,-1.56
43.09,-1.58
43.10,-1.60
43.11,-0.95
43.12,-0.31
43.13,0.34
43.14,0.98
43.15,1.63
43.16,0.91
43.17,0.19
43.18,-0.54
43.19,-1.26
43.20,-1.98
43.21,-1.40
43.22,-0.82
43.23,-0.25
43.24,0.33
43.25,0.91
43.26,1.41
43.27,1.90
43.28,2.40
43.29,2.89
43.30,3.39
43.31,2.13
43.32,0.87
43.33,-0.38
43.34,-1.64
43.35,-2.90
43.36,-1.99
43.37,-1.07
43.38,-0.16
43.39,0.76
43.40,1.67
43.41,1.42
43.42,1.17
43.43,0.92
43.44,0.67
43.45,0.42
43.46,0.21
43.47,-0.01
43.48,-0.22
43.49,-0.44
43.50,-0.65
43.51,-0.42
43.52,-0.19
43.53,0.03
43.54,0.26
43.55,0.49
43.56,-0.27
43.57,-1.04
43.58,-1.80
43.59,-2.57
43.60,-3.33
43.61,-2.90
43.62,-2.48
43.63,-2.05
43.64,-1.63
43.65,-1.20
43.66,-0.71
43.67,-0.21
43.68,0.28
43.69,0.78
43.70,1.27
43.71,1.02
43.72,0.77
43.73,0.53
43.74,0.28
43.75,0.03
43.76,-0.84
43.77,-1.71
43.78,-2.57
43.79,-3.44
43.80,-4.31
43.81,-0.74
43.82,2.83
43.83,6.39
43.84,9.96
43.85,13.53
43.86,9.55
43.87,5.57
43.88,1.59
43.89,-2.39
43.90,-6.37
43.91,-6.52
43.92,-6.67
43.93,-6.83
43.94,-6.98
43.95,-7.13
43.96,-4.46
43.97,-1.78
43.98,0.89
43.99,3.57
44.00,6.24
44.01,4.81
44.02,3.37
44.03,1.94
44.04,0.50
44.05,-0.93
44.06,0.56
44.07,2.05
44.08,3.53
44.09,5.02
44.10,6.51
44.11,4.51
44.12,2.51
44.13,0.50
44.14,-1.50
44.15,-3.50
44.16,-2.91
44.17,-2.33
44.18,-1.74
44.19,-1.16
44.20,-0.57
44.21,0.05
44.22,0.68
44.23,1.30
44.24,1.93
44.25,2.55
44.26,2.45
44.27,2.34
44.28,2.24
44.29,2.13
44.30,2.03
44.31,1.34
44.32,0.65
44.33,-0.05
44.34,-0.74
44.35,-1.43
44.36,-0.61
44.37,0.21
44.38,1.04
44.39,1.86
44.40,2.68
44.41,1.88
44.42,1.08
44.43,0.28
44.44,-0.52
44.45,-1.32
44.46,-1.51
44.47,-1.70
44.48,-1.90
44.49,-2.09
44.50,-2.28
44.51,-1.49
44.52,-0.70
44.53,0.10
44.54,0.89
44.55,1.68
44.56,1.05
44.57,0.42
44.58,-0.21
44.59,-0.84
44.60,-1.47
44.61,-0.55
44.62,0.38
44.63,1.30
44.64,2.23
44.65,3.15
44.66,2.35
44.67,1.55
44.68,0.76
44.69,-0.04
44.70,-0.84
44.71,-0.57
44.72,-0.29
44.73,-0.02
44.74,0.26
44.75,0.53
44.76,0.37
44.77,0.22
44.78,0.06
44.79,-0.09
44.80,-0.25
44.81,-0.43
44.82,-0.61
44.83,-0.78
44.84,-0.96
44.85,-1.14
44.86,-1.78
44.87,-2.42
44.88,-3.05
44.89,-3.69
44.90,-4.33
44.91,-2.88
44.92,-1.43
44.93,0.02
44.94,1.47
44.95,2.92
44.96,1.93
44.97,0.95
44.98,-0.04
44.99,-1.02
45.00,-2.01
45.01,-1.05
45.02,-0.09
45.03,0.88
45.04,1.84
45.05,2.80
45.06,1.79
45.07,0.78
45.08,-0.22
45.09,-1.23
45.10,-2.24
45.11,-2.38
45.12,-2.53
45.13,-2.67
45.14,-2.82
45.15,-2.96
45.16,-1.26
45.17,0.43
45.18,2.13
45.19,3.82
45.20,5.52
45.21,3.58
45.22,1.64
45.23,-0.30
45.24,-2.24
45.25,-4.18
45.26,-2.31
45.27,-0.44
45.28,1.42
45.29,3.29
45.30,5.16
45.31,2.46
45.32,-0.25
45.33,-2.95
45.34,-5.66
45.35,-8.36
45.36,-7.39
45.37,-6.43
45.38,-5.46
45.39,-4.50
45.40,-3.53
45.41,-1.87
45.42,-0.21
45.43,1.44
45.44,3.10
45.45,4.76
45.46,3.85
45.47,2.94
45.48,2.03
45.49,1.12
45.50,0.21
45.51,-0.54
45.52,-1.29
45.53,-2.05
45.54,-2.80
45.55,-3.55
45.56,-3.66
45.57,-3.77
45.58,-3.88
45.59,-3.99
45.60,-4.10
45.61,-1.82
45.62,0.47
45.63,2.75
45.64,5.04
45.65,7.32
45.66,7.20
45.67,7.08
45.68,6.96
45.69,6.84
45.70,6.72
45.71,4.46
45.72,2.19
45.73,-0.07
45.74,-2.34
45.75,-4.60
45.76,-3.67
45.77,-2.75
45.78,-1.82
45.79,-0.90
45.80,0.03
45.81,0.64
45.82,1.25
45.83,1.85
45.84,2.46
45.85,3.07
45.86,3.00
45.87,2.93
45.88,2.85
45.89,2.78
45.90,2.71
45.91,2.70
45.92,2.68
45.93,2.67
45.94,2.65
45.95,2.64
45.96,0.81
45.97,-1.02
45.98,-2.86
45.99,-4.69
46.00,-6.52
46.01,-4.65
46.02,-2.79
46.03,-0.92
46.04,0.94
46.05,2.81
46.06,2.69
46.07,2.58
46.08,2.46
46.09,2.35
46.10,2.23
46.11,1.53
46.12,0.84
46.13,0.14
46.14,-0.55
46.15,-1.25
46.16,-2.64
46.17,-4.04
46.18,-5.43
46.19,-6.83
46.20,-8.22
46.21,-6.05
46.22,-3.88
46.23,-1.70
46.24,0.47
46.25,2.64
46.26,3.70
46.27,4.75
46.28,5.81
46.29,6.86
46.30,7.92
46.31,6.35
46.32,4.78
46.33,3.20
46.34,1.63
46.35,0.06
46.36,0.45
46.37,0.85
46.38,1.24
46.39,1.64
46.40,2.03
46.41,1.66
46.42,1.28
46.43,0.91
46.44,0.53
46.45,0.16
46.46,1.19
46.47,2.23
46.48,3.26
46.49,4.30
46.50,5.33
46.51,1.93
46.52,-1.46
46.53,-4.86
46.54,-8.25
46.55,-11.65
46.56,-10.39
46.57,-9.13
46.58,-7.88
46.59,-6.62
46.60,-5.36
46.61,-3.76
46.62,-2.16
46.63,-0.55
46.64,1.05
46.65,2.65
46.66,2.16
46.67,1.67
46.68,1.19
46.69,0.70
46.70,0.21
46.71,0.64
46.72,1.08
46.73,1.51
46.74,1.95
46.75,2.38
46.76,2.01
46.77,1.64
46.78,1.27
46.79,0.90
46.80,0.53
46.81,1.64
46.82,2.76
46.83,3.87
46.84,4.99
46.85,6.10
46.86,3.76
46.87,1.41
46.88,-0.93
46.89,-3.28
46.90,-5.62
46.91,-5.33
46.92,-5.04
46.93,-4.75
46.94,-4.46
46.95,-4.17
46.96,-2.70
46.97,-1.23
46.98,0.23
46.99,1.70
47.00,3.17
47.01,2.58
47.02,1.99
47.03,1.40
47.04,0.81
47.05,0.22
47.06,-0.51
47.07,-1.23
47.08,-1.96
47.09,-2.68
47.10,-3.41
47.11,-2.07
47.12,-0.74
47.13,0.60
47.14,1.93
47.15,3.27
47.16,3.55
47.17,3.83
47.18,4.10
47.19,4.38
47.20,4.66
47.21,2.32
47.22,-0.02
47.23,-2.37
47.24,-4.71
47.25,-7.05
47.26,-6.08
47.27,-5.12
47.28,-4.15
47.29,-3.19
47.30,-2.22
47.31,-1.57
47.32,-0.93
47.33,-0.28
47.34,0.36
47.35,1.01
47.36,1.23
47.37,1.46
47.38,1.68
47.39,1.91
47.40,2.13
47.41,0.81
47.42,-0.51
47.43,-1.83
47.44,-3.15
47.45,-4.47
47.46,-4.10
47.47,-3.73
47.48,-3.36
47.49,-2.99
47.50,-2.62
47.51,-1.75
47.52,-0.87
47.53,0.00
47.54,0.88
47.55,1.75
47.56,1.65
47.57,1.55
47.58,1.44
47.59,1.34
47.60,1.24
47.61,1.26
47.62,1.28
47.63,1.29
47.64,1.31
47.65,1.33
47.66,0.86
47.67,0.40
47.68,-0.07
47.69,-0.53
47.70,-1.00
47.71,-0.42
47.72,0.16
47.73,0.73
47.74,1.31
47.75,1.89
47.76,1.48
47.77,1.07
47.78,0.66
47.79,0.25
47.80,-0.16
47.81,-0.17
47.82,-0.19
47.83,-0.20
47.84,-0.22
47.85,-0.23
47.86,-0.64
47.87,-1.05
47.88,-1.46
47.89,-1.87
47.90,-2.28
47.91,-1.86
47.92,-1.43
47.93,-1.01
47.94,-0.58
47.95,-0.16
47.96,-0.20
47.97,-0.23
47.98,-0.27
47.99,-0.30
48.00,-0.34
48.01,-0.57
48.02,-0.80
48.03,-1.03
48.04,-1.26
48.05,-1.49
48.06,-1.14
48.07,-0.79
48.08,-0.43
48.09,-0.08
48.10,0.27
48.11,0.45
48.12,0.64
48.13,0.82
48.14,1.01
48.15,1.19
48.16,0.84
48.17,0.49
48.18,0.15
48.19,-0.20
48.20,-0.55
48.21,-0.32
48.22,-0.09
48.23,0.15
48.24,0.38
48.25,0.61
48.26,0.58
48.27,0.55
48.28,0.53
48.29,0.50
48.30,0.47
48.31,0.12
48.32,-0.23
48.33,-0.58
48.34,-0.93
48.35,-1.28
48.36,-0.96
48.37,-0.64
48.38,-0.31
48.39,0.01
48.40,0.33
48.41,0.19
48.42,0.05
48.43,-0.09
48.44,-0.23
48.45,-0.37
48.46,-0.41
48.47,-0.46
48.48,-0.50
48.49,-0.55
48.50,-0.59
48.51,-0.93
48.52,-1.28
48.53,-1.62
48.54,-1.97
48.55,-2.31
48.56,-1.77
48.57,-1.22
48.58,-0.68
48.59,-0.13
48.60,0.41
48.61,0.44
48.62,0.48
48.63,0.51
48.64,0.55
48.65,0.58
48.66,0.44
48.67,0.30
48.68,0.17
48.69,0.03
48.70,-0.11
48.71,0.29
48.72,0.69
48.73,1.10
48.74,1.50
48.75,1.90
48.76,1.43
48.77,0.95
48.78,0.48
48.79,0.00
48.80,-0.47
48.81,-0.44
48.82,-0.40
48.83,-0.37
48.84,-0.33
48.85,-0.30
48.86,0.11
48.87,0.52
48.88,0.94
48.89,1.35
48.90,1.76
48.91,1.12
48.92,0.48
48.93,-0.16
48.94,-0.80
48.95,-1.44
48.96,-0.90
48.97,-0.36
48.98,0.17
48.99,0.71
49.00,1.25
49.01,1.60
49.02,1.94
49.03,2.29
49.04,2.63
49.05,2.98
49.06,2.34
49.07,1.70
49.08,1.07
49.09,0.43
49.10,-0.21
49.11,0.32
49.12,0.84
49.13,1.37
49.14,1.89
49.15,2.42
49.16,2.38
49.17,2.34
49.18,2.29
49.19,2.25
49.20,2.21
49.21,1.58
49.22,0.95
49.23,0.33
49.24,-0.30
49.25,-0.93
49.26,-0.43
49.27,0.07
49.28,0.58
49.29,1.08
49.30,1.58
49.31,1.39
49.32,1.21
49.33,1.02
49.34,0.84
49.35,0.65
49.36,0.37
49.37,0.10
49.38,-0.18
49.39,-0.45
49.40,-0.73
49.41,-0.33
49.42,0.07
49.43,0.46
49.44,0.86
49.45,1.26
49.46,0.91
49.47,0.55
49.48,0.20
49.49,-0.16
49.50,-0.51
49.51,-0.30
49.52,-0.09
49.53,0.13
49.54,0.34
49.55,0.55
49.56,0.18
49.57,-0.18
49.58,-0.55
49.59,-0.91
49.60,-1.28
49.61,-1.37
49.62,-1.47
49.63,-1.56
49.64,-1.66
49.65,-1.75
49.66,-1.47
49.67,-1.19
49.68,-0.91
49.69,-0.63
49.70,-0.35
49.71,-0.31
49.72,-0.27
49.73,-0.23
49.74,-0.19
49.75,-0.15
49.76,-0.16
49.77,-0.17
49.78,-0.17
49.79,-0.18
49.80,-0.19
49.81,-0.27
49.82,-0.36
49.83,-0.44
49.84,-0.53
49.85,-0.61
49.86,-0.07
49.87,0.47
49.88,1.00
49.89,1.54
49.90,2.08
49.91,1.65
49.92,1.21
49.93,0.78
49.94,0.34
49.95,-0.09
49.96,-0.23
49.97,-0.37
49.98,-0.50
49.99,-0.64
50.00,-0.78
50.01,-0.48
50.02,-0.19
50.03,0.11
50.04,0.40
50.05,0.70
50.06,0.62
50.07,0.55
50.08,0.47
50.09,0.40
50.10,0.32
50.11,0.01
50.12,-0.30
50.13,-0.62
50.14,-0.93
50.15,-1.24
50.16,-1.44
50.17,-1.64
50.18,-1.84
50.19,-2.04
50.20,-2.24
50.21,-1.45
50.22,-0.65
50.23,0.14
50.24,0.94
50.25,1.73
50.26,1.14
50.27,0.55
50.28,-0.05
50.29,-0.64
50.30,-1.23
50.31,-1.34
50.32,-1.46
50.33,-1.57
50.34,-1.69
50.35,-1.80
50.36,-1.33
50.37,-0.86
50.38,-0.40
50.39,0.07
50.40,0.54
50.41,0.38
50.42,0.22
50.43,0.07
50.44,-0.09
50.45,-0.25
50.46,-0.23
50.47,-0.21
50.48,-0.20
50.49,-0.18
50.50,-0.16
50.51,-0.32
50.52,-0.48
50.53,-0.64
50.54,-0.80
50.55,-0.96
50.56,-0.78
50.57,-0.60
50.58,-0.42
50.59,-0.24
50.60,-0.06
50.61,-0.32
50.62,-0.58
50.63,-0.84
50.64,-1.10
50.65,-1.36
50.66,-1.11
50.67,-0.87
50.68,-0.62
50.69,-0.38
50.70,-0.13
50.71,0.28
50.72,0.69
50.73,1.10
50.74,1.51
50.75,1.92
50.76,1.45
50.77,0.98
50.78,0.50
50.79,0.03
50.80,-0.44
50.81,-0.34
50.82,-0.25
50.83,-0.15
50.84,-0.06
50.85,0.04
50.86,0.13
50.87,0.21
50.88,0.30
50.89,0.38
50.90,0.47
50.91,0.43
50.92,0.39
50.93,0.36
50.94,0.32
50.95,0.28
50.96,0.42
50.97,0.56
50.98,0.69
50.99,0.83
51.00,0.97
51.01,0.73
51.02,0.49
51.03,0.24
51.04,0.00
51.05,-0.24
51.06,-0.41
51.07,-0.58
51.08,-0.74
51.09,-0.91
51.10,-1.08
51.11,-0.84
51.12,-0.60
51.13,-0.36
51.14,-0.12
51.15,0.12
51.16,0.14
51.17,0.16
51.18,0.19
51.19,0.21
51.20,0.23
51.21,0.30
51.22,0.38
51.23,0.45
51.24,0.53
51.25,0.60
51.26,0.68
51.27,0.76
51.28,0.84
51.29,0.92
51.30,1.00
51.31,0.61
51.32,0.22
51.33,-0.16
51.34,-0.55
51.35,-0.94
51.36,-0.56
51.37,-0.18
51.38,0.21
51.39,0.59
51.40,0.97
51.41,0.78
51.42,0.59
51.43,0.39
51.44,0.20
51.45,0.01
51.46,-0.15
51.47,-0.31
51.48,-0.46
51.49,-0.62
51.50,-0.78
51.51,-0.48
51.52,-0.19
51.53,0.11
51.54,0.40
51.55,0.70
51.56,0.60
51.57,0.51
51.58,0.41
51.59,0.32
51.60,0.22
51.61,0.21
51.62,0.19
51.63,0.18
51.64,0.16
51.65,0.15
51.66,-0.01
51.67,-0.16
51.68,-0.32
51.69,-0.47
51.70,-0.63
51.71,-0.70
51.72,-0.77
51.73,-0.83
51.74,-0.90
51.75,-0.97
51.76,-0.72
51.77,-0.48
51.78,-0.23
51.79,0.01
51.80,0.26
51.81,0.35
51.82,0.44
51.83,0.53
51.84,0.62
51.85,0.71
51.86,0.63
51.87,0.55
51.88,0.47
51.89,0.39
51.90,0.31
51.91,0.45
51.92,0.59
51.93,0.73
51.94,0.87
51.95,1.01
51.96,0.96
51.97,0.91
51.98,0.86
51.99,0.81
52.00,0.76
52.01,0.64
52.02,0.52
52.03,0.41
52.04,0.29
52.05,0.17
52.06,-0.21
52.07,-0.59
52.08,-0.96
52.09,-1.34
52.10,-1.72
52.11,-1.58
52.12,-1.43
52.13,-1.29
52.14,-1.14
52.15,-1.00
52.16,-0.58
52.17,-0.16
52.18,0.27
52.19,0.69
52.20,1.11
52.21,0.51
52.22,-0.09
52.23,-0.70
52.24,-1.30
52.25,-1.90
52.26,-1.84
52.27,-1.77
52.28,-1.71
52.29,-1.64
52.30,-1.58
52.31,-1.24
52.32,-0.90
52.33,-0.57
52.34,-0.23
52.35,0.11
52.36,0.09
52.37,0.07
52.38,0.04
52.39,0.02
52.40,0.00
52.41,0.16
52.42,0.33
52.43,0.49
52.44,0.66
52.45,0.82
52.46,1.04
52.47,1.26
52.48,1.49
52.49,1.71
52.50,1.93
52.51,1.59
52.52,1.25
52.53,0.91
52.54,0.57
52.55,0.23
52.56,0.27
52.57,0.31
52.58,0.36
52.59,0.40
52.60,0.44
52.61,0.36
52.62,0.29
52.63,0.21
52.64,0.14
52.65,0.06
52.66,-0.09
52.67,-0.24
52.68,-0.40
52.69,-0.55
52.70,-0.70
52.71,-0.43
52.72,-0.16
52.73,0.11
52.74,0.38
52.75,0.65
52.76,0.46
52.77,0.27
52.78,0.08
52.79,-0.11
52.80,-0.30
52.81,-0.22
52.82,-0.14
52.83,-0.07
52.84,0.01
52.85,0.09
52.86,0.09
52.87,0.09
52.88,0.08
52.89,0.08
52.90,0.08
52.91,0.15
52.92,0.21
52.93,0.28
52.94,0.34
52.95,0.41
52.96,0.26
52.97,0.11
52.98,-0.04
52.99,-0.19
53.00,-0.34
53.01,-0.10
53.02,0.13
53.03,0.37
53.04,0.60
53.05,0.84
53.06,0.62
53.07,0.40
53.08,0.18
53.09,-0.04
53.10,-0.26
53.11,-0.25
53.12,-0.25
53.13,-0.24
53.14,-0.24
53.15,-0.23
53.16,-0.10
53.17,0.04
53.18,0.17
53.19,0.31
53.20,0.44
53.21,0.24
53.22,0.03
53.23,-0.17
53.24,-0.38
53.25,-0.58
53.26,-0.55
53.27,-0.52
53.28,-0.49
53.29,-0.46
53.30,-0.43
53.31,-0.54
53.32,-0.65
53.33,-0.76
53.34,-0.87
53.35,-0.98
53.36,-0.83
53.37,-0.67
53.38,-0.52
53.39,-0.36
53.40,-0.21
53.41,-0.07
53.42,0.07
53.43,0.22
53.44,0.36
53.45,0.50
53.46,0.59
53.47,0.68
53.48,0.78
53.49,0.87
53.50,0.96
53.51,0.77
53.52,0.58
53.53,0.38
53.54,0.19
53.55,0.00
53.56,0.11
53.57,0.22
53.58,0.32
53.59,0.43
53.60,0.54
53.61,0.46
53.62,0.38
53.63,0.31
53.64,0.23
53.65,0.15
53.66,0.03
53.67,-0.08
53.68,-0.20
53.69,-0.31
53.70,-0.43
53.71,-0.28
53.72,-0.14
53.73,0.01
53.74,0.15
53.75,0.30
53.76,0.23
53.77,0.16
53.78,0.09
53.79,0.02
53.80,-0.05
53.81,-0.13
53.82,-0.21
53.83,-0.30
53.84,-0.38
53.85,-0.46
53.86,-0.34
53.87,-0.22
53.88,-0.09
53.89,0.03
53.90,0.15
53.91,0.22
53.92,0.30
53.93,0.37
53.94,0.45
53.95,0.52
53.96,0.35
53.97,0.18
53.98,0.02
53.99,-0.15
54.00,-0.32
54.01,-0.16
54.02,-0.00
54.03,0.15
54.04,0.31
54.05,0.47
54.06,0.48
54.07,0.49
54.08,0.49
54.09,0.50
54.10,0.51
54.11,0.41
54.12,0.31
54.13,0.21
54.14,0.11
54.15,0.01
54.16,0.00
54.17,-0.01
54.18,-0.01
54.19,-0.02
54.20,-0.03
54.21,0.02
54.22,0.06
54.23,0.11
54.24,0.15
54.25,0.20
54.26,0.09
54.27,-0.03
54.28,-0.14
54.29,-0.26
54.30,-0.37
54.31,-0.38
54.32,-0.39
54.33,-0.40
54.34,-0.41
54.35,-0.42
54.36,-0.06
54.37,0.31
54.38,0.67
54.39,1.04
54.40,1.40
54.41,1.25
54.42,1.10
54.43,0.96
54.44,0.81
54.45,0.66
54.46,0.44
54.47,0.21
54.48,-0.01
54.49,-0.24
54.50,-0.46
54.51,-0.20
54.52,0.07
54.53,0.33
54.54,0.60
54.55,0.86
54.56,0.57
54.57,0.29
54.58,0.00
54.59,-0.28
54.60,-0.57
54.61,-0.39
54.62,-0.22
54.63,-0.04
54.64,0.13
54.65,0.31
54.66,0.50
54.67,0.69
54.68,0.87
54.69,1.06
54.70,1.25
54.71,0.56
54.72,-0.12
54.73,-0.81
54.74,-1.49
54.75,-2.18
54.76,-1.63
54.77,-1.07
54.78,-0.52
54.79,0.04
54.80,0.59
54.81,0.51
54.82,0.44
54.83,0.36
54.84,0.29
54.85,0.21
54.86,-0.03
54.87,-0.26
54.88,-0.50
54.89,-0.73
54.90,-0.97
54.91,-0.94
54.92,-0.92
54.93,-0.89
54.94,-0.87
54.95,-0.84
54.96,-0.78
54.97,-0.71
54.98,-0.65
54.99,-0.58
55.00,-0.52
55.01,-0.31
55.02,-0.10
55.03,0.12
55.04,0.33
55.05,0.54
55.06,0.13
55.07,-0.28
55.08,-0.70
55.09,-1.11
55.10,-1.52
55.11,-1.23
55.12,-0.94
55.13,-0.65
55.14,-0.36
55.15,-0.07
55.16,-0.20
55.17,-0.33
55.18,-0.47
55.19,-0.60
55.20,-0.73
55.21,-0.37
55.22,-0.01
55.23,0.36
55.24,0.72
55.25,1.08
55.26,0.72
55.27,0.37
55.28,0.01
55.29,-0.34
55.30,-0.70
55.31,-0.68
55.32,-0.65
55.33,-0.63
55.34,-0.60
55.35,-0.58
55.36,-0.25
55.37,0.08
55.38,0.40
55.39,0.73
55.40,1.06
55.41,0.58
55.42,0.10
55.43,-0.39
55.44,-0.87
55.45,-1.35
55.46,-0.95
55.47,-0.54
55.48,-0.14
55.49,0.27
55.50,0.67
55.51,0.32
55.52,-0.03
55.53,-0.37
55.54,-0.72
55.55,-1.07
55.56,-0.76
55.57,-0.45
55.58,-0.14
55.59,0.17
55.60,0.48
55.61,0.43
55.62,0.38
55.63,0.34
55.64,0.29
55.65,0.24
55.66,0.06
55.67,-0.11
55.68,-0.29
55.69,-0.46
55.70,-0.64
55.71,-0.68
55.72,-0.72
55.73,-0.76
55.74,-0.80
55.75,-0.84
55.76,-0.68
55.77,-0.53
55.78,-0.37
55.79,-0.22
55.80,-0.06
55.81,0.03
55.82,0.11
55.83,0.20
55.84,0.28
55.85,0.37
55.86,0.07
55.87,-0.23
55.88,-0.54
55.89,-0.84
55.90,-1.14
55.91,-0.74
55.92,-0.33
55.93,0.07
55.94,0.48
55.95,0.88
55.96,0.57
55.97,0.27
55.98,-0.04
55.99,-0.34
56.00,-0.65
56.01,-0.59
56.02,-0.53
56.03,-0.46
56.04,-0.40
56.05,-0.34
56.06,-0.29
56.07,-0.23
56.08,-0.18
56.09,-0.12
56.10,-0.07
56.11,0.01
56.12,0.09
56.13,0.16
56.14,0.24
56.15,0.32
56.16,0.43
56.17,0.53
56.18,0.64
56.19,0.74
56.20,0.85
56.21,0.74
56.22,0.62
56.23,0.51
56.24,0.39
56.25,0.28
56.26,0.25
56.27,0.22
56.28,0.19
56.29,0.16
56.30,0.13
56.31,0.32
56.32,0.51
56.33,0.71
56.34,0.90
56.35,1.09
56.36,0.72
56.37,0.34
56.38,-0.03
56.39,-0.41
56.40,-0.78
56.41,-0.78
56.42,-0.79
56.43,-0.79
56.44,-0.80
56.45,-0.80
56.46,-0.56
56.47,-0.33
56.48,-0.09
56.49,0.14
56.50,0.38
56.51,0.13
56.52,-0.11
56.53,-0.36
56.54,-0.60
56.55,-0.85
56.56,-0.58
56.57,-0.30
56.58,-0.03
56.59,0.25
56.60,0.52
56.61,0.45
56.62,0.38
56.63,0.32
56.64,0.25
56.65,0.18
56.66,0.17
56.67,0.16
56.68,0.14
56.69,0.13
56.70,0.12
56.71,-0.00
56.72,-0.13
56.73,-0.25
56.74,-0.38
56.75,-0.50
56.76,-0.27
56.77,-0.03
56.78,0.20
56.79,0.44
56.80,0.67
56.81,0.22
56.82,-0.23
56.83,-0.67
56.84,-1.12
56.85,-1.57
56.86,-1.30
56.87,-1.03
56.88,-0.75
56.89,-0.48
56.90,-0.21
56.91,-0.07
56.92,0.08
56.93,0.22
56.94,0.37
56.95,0.51
56.96,0.25
56.97,-0.01
56.98,-0.28
56.99,-0.54
57.00,-0.80
57.01,-0.36
57.02,0.08
57.03,0.51
57.04,0.95
57.05,1.39
57.06,1.04
57.07,0.69
57.08,0.33
57.09,-0.02
57.10,-0.37
57.11,-0.49
57.12,-0.60
57.13,-0.72
57.14,-0.83
57.15,-0.95
57.16,-0.59
57.17,-0.23
57.18,0.13
57.19,0.49
57.20,0.85
57.21,0.50
57.22,0.15
57.23,-0.19
57.24,-0.54
57.25,-0.89
57.26,-0.82
57.27,-0.74
57.28,-0.67
57.29,-0.59
57.30,-0.52
57.31,-0.39
57.32,-0.26
57.33,-0.14
57.34,-0.01
57.35,0.12
57.36,0.28
57.37,0.44
57.38,0.61
57.39,0.77
57.40,0.93
57.41,1.01
57.42,1.09
57.43,1.18
57.44,1.26
57.45,1.34
57.46,-0.13
57.47,-1.60
57.48,-3.07
57.49,-4.54
57.50,-6.01
57.51,-4.11
57.52,-2.22
57.53,-0.32
57.54,1.57
57.55,3.47
57.56,2.92
57.57,2.37
57.58,1.83
57.59,1.28
57.60,0.73
57.61,0.25
57.62,-0.23
57.63,-0.71
57.64,-1.19
57.65,-1.67
57.66,-0.99
57.67,-0.30
57.68,0.38
57.69,1.07
57.70,1.75
57.71,1.22
57.72,0.69
57.73,0.16
57.74,-0.37
57.75,-0.90
57.76,0.42
57.77,1.74
57.78,3.07
57.79,4.39
57.80,5.71
57.81,4.34
57.82,2.98
57.83,1.61
57.84,0.25
57.85,-1.12
57.86,-1.34
57.87,-1.57
57.88,-1.79
57.89,-2.02
57.90,-2.24
57.91,-1.55
57.92,-0.87
57.93,-0.18
57.94,0.50
57.95,1.19
57.96,0.88
57.97,0.56
57.98,0.25
57.99,-0.07
58.00,-0.38
58.01,0.09
58.02,0.55
58.03,1.02
58.04,1.48
58.05,1.95
58.06,1.89
58.07,1.83
58.08,1.78
58.09,1.72
58.10,1.66
58.11,1.11
58.12,0.57
58.13,0.02
58.14,-0.52
58.15,-1.07
58.16,-0.64
58.17,-0.21
58.18,0.23
58.19,0.66
58.20,1.09
58.21,1.22
58.22,1.36
58.23,1.49
58.24,1.63
58.25,1.76
58.26,1.28
58.27,0.80
58.28,0.33
58.29,-0.15
58.30,-0.63
58.31,-0.48
58.32,-0.32
58.33,-0.17
58.34,-0.01
58.35,0.14
58.36,0.15
58.37,0.16
58.38,0.16
58.39,0.17
58.40,0.18
58.41,-0.09
58.42,-0.36
58.43,-0.63
58.44,-0.90
58.45,-1.17
58.46,-0.83
58.47,-0.49
58.48,-0.15
58.49,0.19
58.50,0.53
58.51,0.46
58.52,0.39
58.53,0.33
58.54,0.26
58.55,0.19
58.56,0.20
58.57,0.22
58.58,0.23
58.59,0.25
58.60,0.26
58.61,0.36
58.62,0.46
58.63,0.57
58.64,0.67
58.65,0.77
58.66,0.33
58.67,-0.11
58.68,-0.55
58.69,-0.99
58.70,-1.43
58.71,-1.02
58.72,-0.61
58.73,-0.20
58.74,0.21
58.75,0.62
58.76,0.48
58.77,0.34
58.78,0.20
58.79,0.06
58.80,-0.08
58.81,-0.19
58.82,-0.30
58.83,-0.41
58.84,-0.52
58.85,-0.63
58.86,-0.69
58.87,-0.75
58.88,-0.81
58.89,-0.87
58.90,-0.93
58.91,-1.04
58.92,-1.14
58.93,-1.25
58.94,-1.35
58.95,-1.46
58.96,-0.71
58.97,0.05
58.98,0.80
58.99,1.56
59.00,2.31
59.01,1.63
59.02,0.94
59.03,0.26
59.04,-0.43
59.05,-1.11
59.06,-1.09
59.07,-1.06
59.08,-1.04
59.09,-1.01
59.10,-0.99
59.11,-0.70
59.12,-0.42
59.13,-0.13
59.14,0.15
59.15,0.44
59.16,0.02
59.17,-0.39
59.18,-0.81
59.19,-1.22
59.20,-1.64
59.21,-1.73
59.22,-1.81
59.23,-1.90
59.24,-1.98
59.25,-2.07
59.26,-1.17
59.27,-0.27
59.28,0.64
59.29,1.54
59.30,2.44
59.31,2.03
59.32,1.62
59.33,1.21
59.34,0.80
59.35,0.39
59.36,-0.23
59.37,-0.85
59.38,-1.47
59.39,-2.09
59.40,-2.71
59.41,-2.84
59.42,-2.97
59.43,-3.10
59.44,-3.23
59.45,-3.36
59.46,-2.75
59.47,-2.14
59.48,-1.53
59.49,-0.92
59.50,-0.31
59.51,0.31
59.52,0.92
59.53,1.54
59.54,2.15
59.55,2.77
59.56,1.89
59.57,1.02
59.58,0.14
59.59,-0.73
59.60,-1.61
59.61,-1.11
59.62,-0.62
59.63,-0.12
59.64,0.37
59.65,0.87
59.66,0.44
59.67,0.02
59.68,-0.41
59.69,-0.83
59.70,-1.26
59.71,-1.07
59.72,-0.88
59.73,-0.69
59.74,-0.50
59.75,-0.31
59.76,-0.07
59.77,0.17
59.78,0.42
59.79,0.66
59.80,0.90
59.81,0.90
59.82,0.90
59.83,0.90
59.84,0.90
59.85,0.90
59.86,0.87
59.87,0.84
59.88,0.81
59.89,0.78
59.90,0.75
59.91,0.51
59.92,0.27
59.93,0.03
59.94,-0.21
59.95,-0.45
59.96,-0.44
59.97,-0.43
59.98,-0.42
59.99,-0.41
60.00,-0.40
60.01,-0.01
60.02,0.38
60.03,0.76
60.04,1.15
60.05,1.54
60.06,1.49
60.07,1.44
60.08,1.39
60.09,1.34
60.10,1.29
60.11,1.09
60.12,0.88
60.13,0.68
60.14,0.47
60.15,0.27
60.16,0.70
60.17,1.14
60.18,1.57
60.19,2.01
60.20,2.44
60.21,2.04
60.22,1.64
60.23,1.25
60.24,0.85
60.25,0.45
60.26,0.12
60.27,-0.22
60.28,-0.55
60.29,-0.89
60.30,-1.22
60.31,-0.91
60.32,-0.59
60.33,-0.28
60.34,0.04
60.35,0.35
60.36,0.21
60.37,0.07
60.38,-0.07
60.39,-0.21
60.40,-0.35
60.41,-0.28
60.42,-0.21
60.43,-0.15
60.44,-0.08
60.45,-0.01
60.46,0.16
60.47,0.34
60.48,0.51
60.49,0.69
60.50,0.86
60.51,0.89
60.52,0.92
60.53,0.96
60.54,0.99
60.55,1.02
60.56,0.89
60.57,0.76
60.58,0.64
60.59,0.51
60.60,0.38
60.61,-0.02
60.62,-0.43
60.63,-0.83
60.64,-1.24
60.65,-1.64
60.66,-1.23
60.67,-0.82
60.68,-0.42
60.69,-0.01
60.70,0.40
60.71,0.06
60.72,-0.27
60.73,-0.61
60.74,-0.94
60.75,-1.28
60.76,-0.90
60.77,-0.52
60.78,-0.14
60.79,0.24
60.80,0.62
60.81,0.96
60.82,1.31
60.83,1.65
60.84,2.00
60.85,2.34
60.86,2.04
60.87,1.75
60.88,1.45
60.89,1.16
60.90,0.86
60.91,0.63
60.92,0.40
60.93,0.18
60.94,-0.05
60.95,-0.28
60.96,-0.23
60.97,-0.18
60.98,-0.12
60.99,-0.07
61.00,-0.02
61.01,0.01
61.02,0.04
61.03,0.06
61.04,0.09
61.05,0.12
61.06,-0.18
61.07,-0.48
61.08,-0.78
61.09,-1.08
61.10,-1.38
61.11,-1.21
61.12,-1.04
61.13,-0.87
61.14,-0.70
61.15,-0.53
61.16,-0.39
61.17,-0.25
61.18,-0.10
61.19,0.04
61.20,0.18
61.21,0.22
61.22,0.27
61.23,0.31
61.24,0.36
61.25,0.40
61.26,0.32
61.27,0.24
61.28,0.15
61.29,0.07
61.30,-0.01
61.31,0.07
61.32,0.15
61.33,0.22
61.34,0.30
61.35,0.38
61.36,0.45
61.37,0.51
61.38,0.58
61.39,0.64
61.40,0.71
61.41,0.57
61.42,0.43
61.43,0.29
61.44,0.15
61.45,0.01
61.46,-0.09
61.47,-0.20
61.48,-0.30
61.49,-0.41
61.50,-0.51
61.51,-0.54
61.52,-0.57
61.53,-0.59
61.54,-0.62
61.55,-0.65
61.56,-0.61
61.57,-0.58
61.58,-0.54
61.59,-0.51
61.60,-0.47
61.61,-0.33
61.62,-0.20
61.63,-0.06
61.64,0.07
61.65,0.21
61.66,0.03
61.67,-0.16
61.68,-0.34
61.69,-0.53
61.70,-0.71
61.71,-0.39
61.72,-0.07
61.73,0.25
61.74,0.57
61.75,0.89
61.76,0.62
61.77,0.36
61.78,0.09
61.79,-0.17
61.80,-0.44
61.81,-0.64
61.82,-0.84
61.83,-1.05
61.84,-1.25
61.85,-1.45
61.86,-0.82
61.87,-0.19
61.88,0.45
61.89,1.08
61.90,1.71
61.91,1.04
61.92,0.37
61.93,-0.29
61.94,-0.96
61.95,-1.63
61.96,-1.66
61.97,-1.69
61.98,-1.73
61.99,-1.76
62.00,-1.79
62.01,-1.29
62.02,-0.78
62.03,-0.28
62.04,0.23
62.05,0.73
62.06,0.64
62.07,0.55
62.08,0.47
62.09,0.38
62.10,0.29
62.11,0.36
62.12,0.44
62.13,0.51
62.14,0.59
62.15,0.66
62.16,0.41
62.17,0.16
62.18,-0.10
62.19,-0.35
62.20,-0.60
62.21,-0.58
62.22,-0.56
62.23,-0.55
62.24,-0.53
62.25,-0.51
62.26,-0.43
62.27,-0.35
62.28,-0.27
62.29,-0.19
62.30,-0.11
62.31,-0.26
62.32,-0.40
62.33,-0.55
62.34,-0.69
62.35,-0.84
62.36,-0.77
62.37,-0.70
62.38,-0.62
62.39,-0.55
62.40,-0.48
62.41,-0.37
62.42,-0.26
62.43,-0.15
62.44,-0.04
62.45,0.07
62.46,0.13
62.47,0.20
62.48,0.26
62.49,0.33
62.50,0.39
62.51,0.36
62.52,0.33
62.53,0.30
62.54,0.27
62.55,0.24
62.56,0.19
62.57,0.14
62.58,0.10
62.59,0.05
62.60,0.00
62.61,-0.03
62.62,-0.07
62.63,-0.10
62.64,-0.14
62.65,-0.17
62.66,-0.02
62.67,0.14
62.68,0.29
62.69,0.45
62.70,0.60
62.71,0.59
62.72,0.58
62.73,0.58
62.74,0.57
62.75,0.56
62.76,0.63
62.77,0.71
62.78,0.78
62.79,0.86
62.80,0.93
62.81,0.80
62.82,0.67
62.83,0.53
62.84,0.40
62.85,0.27
62.86,0.34
62.87,0.41
62.88,0.48
62.89,0.55
62.90,0.62
62.91,0.64
62.92,0.66
62.93,0.69
62.94,0.71
62.95,0.73
62.96,0.39
62.97,0.06
62.98,-0.28
62.99,-0.61
63.00,-0.95
63.01,-0.61
63.02,-0.27
63.03,0.07
63.04,0.41
63.05,0.75
63.06,0.52
63.07,0.29
63.08,0.07
63.09,-0.16
63.10,-0.39
63.11,-0.40
63.12,-0.41
63.13,-0.43
63.14,-0.44
63.15,-0.45
63.16,-0.40
63.17,-0.35
63.18,-0.31
63.19,-0.26
63.20,-0.21
63.21,-0.33
63.22,-0.45
63.23,-0.58
63.24,-0.70
63.25,-0.82
63.26,-0.58
63.27,-0.34
63.28,-0.09
63.29,0.15
63.30,0.39
63.31,0.24
63.32,0.09
63.33,-0.06
63.34,-0.21
63.35,-0.36
63.36,-0.30
63.37,-0.25
63.38,-0.19
63.39,-0.14
63.40,-0.08
63.41,0.04
63.42,0.15
63.43,0.27
63.44,0.38
63.45,0.50
63.46,0.30
63.47,0.10
63.48,-0.11
63.49,-0.31
63.50,-0.51
63.51,-0.49
63.52,-0.48
63.53,-0.46
63.54,-0.45
63.55,-0.43
63.56,-0.40
63.57,-0.37
63.58,-0.33
63.59,-0.30
63.60,-0.27
63.61,-0.28
63.62,-0.28
63.63,-0.29
63.64,-0.29
63.65,-0.30
63.66,-0.26
63.67,-0.22
63.68,-0.17
63.69,-0.13
63.70,-0.09
63.71,-0.18
63.72,-0.26
63.73,-0.35
63.74,-0.43
63.75,-0.52
63.76,-0.23
63.77,0.06
63.78,0.34
63.79,0.63
63.80,0.92
63.81,0.55
63.82,0.18
63.83,-0.19
63.84,-0.56
63.85,-0.93
63.86,-0.75
63.87,-0.57
63.88,-0.38
63.89,-0.20
63.90,-0.02
63.91,0.11
63.92,0.24
63.93,0.38
63.94,0.51
63.95,0.64
63.96,0.24
63.97,-0.17
63.98,-0.57
63.99,-0.98
64.00,-1.38
64.01,-0.91
64.02,-0.45
64.03,0.02
64.04,0.48
64.05,0.95
64.06,0.68
64.07,0.41
64.08,0.15
64.09,-0.12
64.10,-0.39
64.11,-0.27
64.12,-0.15
64.13,-0.04
64.14,0.08
64.15,0.20
64.16,0.11
64.17,0.02
64.18,-0.08
64.19,-0.17
64.20,-0.26
64.21,-0.15
64.22,-0.04
64.23,0.06
64.24,0.17
64.25,0.28
64.26,0.30
64.27,0.32
64.28,0.34
64.29,0.36
64.30,0.38
64.31,0.28
64.32,0.17
64.33,0.07
64.34,-0.04
64.35,-0.14
64.36,0.11
64.37,0.36
64.38,0.61
64.39,0.86
64.40,1.11
64.41,0.87
64.42,0.64
64.43,0.40
64.44,0.17
64.45,-0.07
64.46,0.29
64.47,0.65
64.48,1.00
64.49,1.36
64.50,1.72
64.51,1.32
64.52,0.91
64.53,0.51
64.54,0.10
64.55,-0.30
64.56,-0.11
64.57,0.08
64.58,0.26
64.59,0.45
64.60,0.64
64.61,0.54
64.62,0.44
64.63,0.33
64.64,0.23
64.65,0.13
64.66,-0.00
64.67,-0.13
64.68,-0.27
64.69,-0.40
64.70,-0.53
64.71,-0.12
64.72,0.29
64.73,0.69
64.74,1.10
64.75,1.51
64.76,1.09
64.77,0.68
64.78,0.26
64.79,-0.15
64.80,-0.57
64.81,-0.46
64.82,-0.36
64.83,-0.25
64.84,-0.15
64.85,-0.04
64.86,-0.01
64.87,0.03
64.88,0.06
64.89,0.10
64.90,0.13
64.91,0.17
64.92,0.21
64.93,0.25
64.94,0.29
64.95,0.33
64.96,0.15
64.97,-0.03
64.98,-0.22
64.99,-0.40
65.00,-0.58
65.01,-0.35
65.02,-0.12
65.03,0.11
65.04,0.34
65.05,0.57
65.06,0.40
65.07,0.22
65.08,0.05
65.09,-0.13
65.10,-0.30
65.11,-0.47
65.12,-0.64
65.13,-0.81
65.14,-0.98
65.15,-1.15
65.16,-0.80
65.17,-0.44
65.18,-0.09
65.19,0.27
65.20,0.62
65.21,0.38
65.22,0.14
65.23,-0.10
65.24,-0.34
65.25,-0.58
65.26,-0.53
65.27,-0.48
65.28,-0.42
65.29,-0.37
65.30,-0.32
65.31,-0.30
65.32,-0.29
65.33,-0.27
65.34,-0.26
65.35,-0.24
65.36,-0.22
65.37,-0.21
65.38,-0.19
65.39,-0.18
65.40,-0.16
65.41,-0.20
65.42,-0.24
65.43,-0.29
65.44,-0.33
65.45,-0.37
65.46,-0.43
65.47,-0.49
65.48,-0.56
65.49,-0.62
65.50,-0.68
65.51,-0.53
65.52,-0.39
65.53,-0.24
65.54,-0.10
65.55,0.05
65.56,-0.01
65.57,-0.08
65.58,-0.14
65.59,-0.21
65.60,-0.27
65.61,-0.19
65.62,-0.10
65.63,-0.02
65.64,0.07
65.65,0.15
65.66,0.05
65.67,-0.05
65.68,-0.14
65.69,-0.24
65.70,-0.34
65.71,-0.34
65.72,-0.35
65.73,-0.35
65.74,-0.36
65.75,-0.36
65.76,-0.15
65.77,0.06
65.78,0.27
65.79,0.48
65.80,0.69
65.81,0.48
65.82,0.26
65.83,0.05
65.84,-0.17
65.85,-0.38
65.86,-0.36
65.87,-0.34
65.88,-0.31
65.89,-0.29
65.90,-0.27
65.91,-0.18
65.92,-0.09
65.93,0.01
65.94,0.10
65.95,0.19
65.96,0.15
65.97,0.12
65.98,0.08
65.99,0.05
66.00,0.01
66.01,-0.02
66.02,-0.04
66.03,-0.07
66.04,-0.09
66.05,-0.12
66.06,-0.16
66.07,-0.20
66.08,-0.23
66.09,-0.27
66.10,-0.31
66.11,-0.25
66.12,-0.18
66.13,-0.12
66.14,-0.05
66.15,0.01
66.16,0.05
66.17,0.09
66.18,0.12
66.19,0.16
66.20,0.20
66.21,0.15
66.22,0.10
66.23,0.05
66.24,0.00
66.25,-0.05
66.26,0.06
66.27,0.17
66.28,0.29
66.29,0.40
66.30,0.51
66.31,0.42
66.32,0.33
66.33,0.25
66.34,0.16
66.35,0.07
66.36,0.11
66.37,0.15
66.38,0.19
66.39,0.23
66.40,0.27
66.41,0.13
66.42,-0.01
66.43,-0.16
66.44,-0.30
66.45,-0.44
66.46,-0.11
66.47,0.22
66.48,0.56
66.49,0.89
66.50,1.22
66.51,1.13
66.52,1.04
66.53,0.95
66.54,0.86
66.55,0.77
66.56,0.50
66.57,0.23
66.58,-0.05
66.59,-0.32
66.60,-0.59
66.61,-0.07
66.62,0.45
66.63,0.98
66.64,1.50
66.65,2.02
66.66,1.48
66.67,0.95
66.68,0.41
66.69,-0.12
66.70,-0.66
66.71,-0.58
66.72,-0.50
66.73,-0.42
66.74,-0.34
66.75,-0.26
66.76,0.03
66.77,0.32
66.78,0.60
66.79,0.89
66.80,1.18
66.81,0.61
66.82,0.04
66.83,-0.54
66.84,-1.11
66.85,-1.68
66.86,-1.41
66.87,-1.14
66.88,-0.86
66.89,-0.59
66.90,-0.32
66.91,-0.13
66.92,0.06
66.93,0.25
66.94,0.44
66.95,0.63
66.96,0.50
66.97,0.37
66.98,0.23
66.99,0.10
67.00,-0.03
67.01,-0.06
67.02,-0.09
67.03,-0.11
67.04,-0.14
67.05,-0.17
67.06,-0.22
67.07,-0.27
67.08,-0.32
67.09,-0.37
67.10,-0.42
67.11,-0.31
67.12,-0.20
67.13,-0.08
67.14,0.03
67.15,0.14
67.16,0.18
67.17,0.22
67.18,0.25
67.19,0.29
67.20,0.33
67.21,0.24
67.22,0.15
67.23,0.07
67.24,-0.02
67.25,-0.11
67.26,-0.17
67.27,-0.23
67.28,-0.29
67.29,-0.35
67.30,-0.41
67.31,-0.13
67.32,0.15
67.33,0.42
67.34,0.70
67.35,0.98
67.36,0.81
67.37,0.64
67.38,0.46
67.39,0.29
67.40,0.12
67.41,0.17
67.42,0.22
67.43,0.27
67.44,0.32
67.45,0.37
67.46,0.30
67.47,0.22
67.48,0.15
67.49,0.07
67.50,0.00
67.51,-0.00
67.52,-0.01
67.53,-0.01
67.54,-0.02
67.55,-0.02
67.56,-0.00
67.57,0.02
67.58,0.03
67.59,0.05
67.60,0.07
67.61,-0.08
67.62,-0.23
67.63,-0.38
67.64,-0.53
67.65,-0.68
67.66,-0.48
67.67,-0.28
67.68,-0.07
67.69,0.13
67.70,0.33
67.71,0.25
67.72,0.17
67.73,0.08
67.74,0.00
67.75,-0.08
67.76,-0.14
67.77,-0.20
67.78,-0.26
67.79,-0.32
67.80,-0.38
67.81,-0.23
67.82,-0.09
67.83,0.06
67.84,0.20
67.85,0.35
67.86,0.33
67.87,0.32
67.88,0.30
67.89,0.29
67.90,0.27
67.91,0.29
67.92,0.31
67.93,0.32
67.94,0.34
67.95,0.36
67.96,0.31
67.97,0.26
67.98,0.21
67.99,0.16
68.00,0.11
68.01,-0.04
68.02,-0.19
68.03,-0.35
68.04,-0.50
68.05,-0.65
68.06,-0.57
68.07,-0.49
68.08,-0.42
68.09,-0.34
68.10,-0.26
68.11,-0.19
68.12,-0.12
68.13,-0.05
68.14,0.02
68.15,0.09
68.16,0.07
68.17,0.06
68.18,0.04
68.19,0.03
68.20,0.01
68.21,-0.14
68.22,-0.29
68.23,-0.45
68.24,-0.60
68.25,-0.75
68.26,-0.71
68.27,-0.67
68.28,-0.62
68.29,-0.58
68.30,-0.54
68.31,-0.09
68.32,0.36
68.33,0.80
68.34,1.25
68.35,1.70
68.36,1.56
68.37,1.42
68.38,1.29
68.39,1.15
68.40,1.01
68.41,0.57
68.42,0.13
68.43,-0.30
68.44,-0.74
68.45,-1.18
68.46,-1.00
68.47,-0.82
68.48,-0.63
68.49,-0.45
68.50,-0.27
68.51,-0.18
68.52,-0.08
68.53,0.01
68.54,0.11
68.55,0.20
68.56,0.26
68.57,0.33
68.58,0.39
68.59,0.46
68.60,0.52
68.61,0.26
68.62,-0.00
68.63,-0.27
68.64,-0.53
68.65,-0.79
68.66,-0.67
68.67,-0.54
68.68,-0.42
68.69,-0.29
68.70,-0.17
68.71,0.05
68.72,0.27
68.73,0.50
68.74,0.72
68.75,0.94
68.76,0.65
68.77,0.36
68.78,0.08
68.79,-0.21
68.80,-0.50
68.81,-0.29
68.82,-0.08
68.83,0.12
68.84,0.33
68.85,0.54
68.86,0.60
68.87,0.67
68.88,0.73
68.89,0.80
68.90,0.86
68.91,0.53
68.92,0.20
68.93,-0.13
68.94,-0.46
68.95,-0.79
68.96,-0.54
68.97,-0.29
68.98,-0.03
68.99,0.22
69.00,0.47
69.01,0.37
69.02,0.27
69.03,0.16
69.04,0.06
69.05,-0.04
69.06,-0.09
69.07,-0.13
69.08,-0.18
69.09,-0.22
69.10,-0.27
69.11,-0.19
69.12,-0.11
69.13,-0.02
69.14,0.06
69.15,0.14
69.16,0.12
69.17,0.10
69.18,0.07
69.19,0.05
69.20,0.03
69.21,0.32
69.22,0.61
69.23,0.90
69.24,1.19
69.25,1.48
69.26,0.97
69.27,0.46
69.28,-0.06
69.29,-0.57
69.30,-1.08
69.31,-0.82
69.32,-0.56
69.33,-0.30
69.34,-0.04
69.35,0.22
69.36,0.42
69.37,0.63
69.38,0.83
69.39,1.04
69.40,1.24
69.41,0.76
69.42,0.27
69.43,-0.21
69.44,-0.70
69.45,-1.18
69.46,-0.77
69.47,-0.35
69.48,0.06
69.49,0.48
69.50,0.89
69.51,0.86
69.52,0.83
69.53,0.79
69.54,0.76
69.55,0.73
69.56,0.68
69.57,0.63
69.58,0.59
69.59,0.54
69.60,0.49
69.61,0.49
69.62,0.48
69.63,0.48
69.64,0.47
69.65,0.47
69.66,0.27
69.67,0.08
69.68,-0.12
69.69,-0.31
69.70,-0.51
69.71,-0.28
69.72,-0.05
69.73,0.17
69.74,0.40
69.75,0.63
69.76,0.53
69.77,0.43
69.78,0.34
69.79,0.24
69.80,0.14
69.81,0.10
69.82,0.07
69.83,0.03
69.84,-0.00
69.85,-0.04
69.86,0.05
69.87,0.13
69.88,0.22
69.89,0.30
69.90,0.39
69.91,0.23
69.92,0.08
69.93,-0.08
69.94,-0.23
69.95,-0.39
69.96,-0.37
69.97,-0.36
69.98,-0.34
69.99,-0.33
70.00,-0.31