0.00,0.00
0.01,-0.00
0.02,-0.00
0.03,-0.01
0.04,-0.01
0.05,-0.01
0.06,-0.02
0.07,-0.03
0.08,-0.03
0.09,-0.04
0.10,-0.05
0.11,-0.05
0.12,-0.06
0.13,-0.06
0.14,-0.07
0.15,-0.07
0.16,-0.07
0.17,-0.06
0.18,-0.06
0.19,-0.05
0.20,-0.05
0.21,-0.04
0.22,-0.03
0.23,-0.02
0.24,-0.01
0.25,0.00
0.26,-0.00
0.27,-0.00
0.28,-0.01
0.29,-0.01
0.30,-0.01
0.31,-0.00
0.32,0.01
0.33,0.01
0.34,0.02
0.35,0.03
0.36,0.04
0.37,0.04
0.38,0.05
0.39,0.05
0.40,0.06
0.41,0.05
0.42,0.04
0.43,0.02
0.44,0.01
0.45,0.00
0.46,0.00
0.47,0.00
0.48,0.00
0.49,0.00
0.50,0.00
0.51,0.00
0.52,0.00
0.53,0.00
0.54,0.00
0.55,0.00
0.56,0.00
0.57,0.00
0.58,0.00
0.59,0.00
0.60,0.00
0.61,0.00
0.62,0.00
0.63,0.00
0.64,0.00
0.65,0.00
0.66,0.00
0.67,0.00
0.68,0.01
0.69,0.01
0.70,0.01
0.71,0.01
0.72,0.02
0.73,0.02
0.74,0.03
0.75,0.03
0.76,0.02
0.77,0.02
0.78,0.01
0.79,0.01
0.80,0.00
0.81,0.00
0.82,0.00
0.83,0.00
0.84,0.00
0.85,0.00
0.86,0.00
0.87,0.00
0.88,0.00
0.89,0.00
0.90,0.00
0.91,0.00
0.92,0.00
0.93,0.00
0.94,0.00
0.95,0.00
0.96,0.00
0.97,0.00
0.98,0.00
0.99,0.00
1.00,0.00
1.01,0.00
1.02,0.00
1.03,0.00
1.04,0.00
1.05,0.00
1.06,0.00
1.07,0.00
1.08,0.00
1.09,0.00
1.10,0.00
1.11,0.00
1.12,0.00
1.13,0.00
1.14,0.00
1.15,0.00
1.16,0.00
1.17,0.00
1.18,0.01
1.19,0.01
1.20,0.01
1.21,0.00
1.22,-0.00
1.23,-0.01
1.24,-0.01
1.25,-0.02
1.26,-0.03
1.27,-0.03
1.28,-0.04
1.29,-0.04
1.30,-0.05
1.31,-0.04
1.32,-0.03
1.33,-0.02
1.34,-0.01
1.35,0.00
1.36,0.00
1.37,0.00
1.38,0.00
1.39,0.00
1.40,0.00
1.41,0.00
1.42,0.00
1.43,0.00
1.44,0.00
1.45,0.00
1.46,-0.00
1.47,-0.00
1.48,-0.01
1.49,-0.01
1.50,-0.01
1.51,-0.01
1.52,-0.01
1.53,-0.01
1.54,-0.01
1.55,-0.01
1.56,-0.01
1.57,-0.00
1.58,0.00
1.59,0.01
1.60,0.01
1.61,0.00
1.62,-0.00
1.63,-0.01
1.64,-0.01
1.65,-0.02
1.66,-0.02
1.67,-0.03
1.68,-0.03
1.69,-0.04
1.70,-0.04
1.71,-0.03
1.72,-0.02
1.73,-0.02
1.74,-0.01
1.75,0.00
1.76,0.00
1.77,0.00
1.78,0.01
1.79,0.01
1.80,0.01
1.81,0.01
1.82,0.00
1.83,-0.00
1.84,-0.01
1.85,-0.01
1.86,-0.01
1.87,-0.00
1.88,0.00
1.89,0.01
1.90,0.01
1.91,0.00
1.92,-0.01
1.93,-0.01
1.94,-0.02
1.95,-0.03
1.96,-0.02
1.97,-0.00
1.98,0.01
1.99,0.03
2.00,0.04
2.01,0.04
2.02,0.05
2.03,0.05
2.04,0.06
2.05,0.06
2.06,0.04
2.07,0.02
2.08,-0.00
2.09,-0.02
2.10,-0.04
2.11,-0.03
2.12,-0.02
2.13,-0.01
2.14,0.00
2.15,0.01
2.16,0.01
2.17,0.00
2.18,-0.00
2.19,-0.01
2.20,-0.01
2.21,-0.01
2.22,-0.00
2.23,0.00
2.24,0.01
2.25,0.01
2.26,0.01
2.27,0.00
2.28,-0.00
2.29,-0.01
2.30,-0.01
2.31,-0.00
2.32,0.01
2.33,0.01
2.34,0.02
2.35,0.03
2.36,0.03
2.37,0.03
2.38,0.02
2.39,0.02
2.40,0.02
2.41,0.02
2.42,0.02
2.43,0.01
2.44,0.01
2.45,0.01
2.46,-0.00
2.47,-0.02
2.48,-0.03
2.49,-0.05
2.50,-0.06
2.51,-0.06
2.52,-0.07
2.53,-0.07
2.54,-0.08
2.55,-0.08
2.56,-0.06
2.57,-0.04
2.58,-0.01
2.59,0.01
2.60,0.03
2.61,0.02
2.62,0.01
2.63,-0.00
2.64,-0.01
2.65,-0.02
2.66,0.00
2.67,0.02
2.68,0.04
2.69,0.06
2.70,0.08
2.71,0.07
2.72,0.06
2.73,0.06
2.74,0.05
2.75,0.04
2.76,0.03
2.77,0.02
2.78,0.01
2.79,-0.00
2.80,-0.01
2.81,-0.01
2.82,-0.01
2.83,-0.01
2.84,-0.01
2.85,-0.01
2.86,0.00
2.87,0.02
2.88,0.03
2.89,0.05
2.90,0.06
2.91,0.04
2.92,0.02
2.93,-0.01
2.94,-0.03
2.95,-0.05
2.96,-0.04
2.97,-0.02
2.98,-0.01
2.99,0.01
3.00,0.02
3.01,-0.01
3.02,-0.04
3.03,-0.06
3.04,-0.09
3.05,-0.12
3.06,-0.08
3.07,-0.03
3.08,0.01
3.09,0.06
3.10,0.10
3.11,0.05
3.12,0.00
3.13,-0.04
3.14,-0.09
3.15,-0.14
3.16,-0.09
3.17,-0.05
3.18,-0.00
3.19,0.04
3.20,0.09
3.21,0.06
3.22,0.03
3.23,0.00
3.24,-0.03
3.25,-0.06
3.26,-0.01
3.27,0.03
3.28,0.08
3.29,0.12
3.30,0.17
3.31,0.09
3.32,0.01
3.33,-0.06
3.34,-0.14
3.35,-0.22
3.36,-0.12
3.37,-0.03
3.38,0.07
3.39,0.16
3.40,0.26
3.41,0.17
3.42,0.09
3.43,0.00
3.44,-0.08
3.45,-0.17
3.46,-0.11
3.47,-0.05
3.48,0.01
3.49,0.07
3.50,0.13
3.51,0.09
3.52,0.05
3.53,0.02
3.54,-0.02
3.55,-0.06
3.56,-0.05
3.57,-0.05
3.58,-0.04
3.59,-0.04
3.60,-0.03
3.61,-0.06
3.62,-0.08
3.63,-0.11
3.64,-0.13
3.65,-0.16
3.66,-0.08
3.67,-0.00
3.68,0.07
3.69,0.15
3.70,0.23
3.71,0.37
3.72,0.51
3.73,0.64
3.74,0.78
3.75,0.92
3.76,0.39
3.77,-0.14
3.78,-0.68
3.79,-1.21
3.80,-1.74
3.81,-1.09
3.82,-0.44
3.83,0.22
3.84,0.87
3.85,1.52
3.86,0.91
3.87,0.30
3.88,-0.32
3.89,-0.93
3.90,-1.54
3.91,-1.58
3.92,-1.63
3.93,-1.67
3.94,-1.72
3.95,-1.76
3.96,-1.10
3.97,-0.45
3.98,0.21
3.99,0.86
4.00,1.52
4.01,2.60
4.02,3.67
4.03,4.75
4.04,5.82
4.05,6.90
4.06,5.28
4.07,3.66
4.08,2.04
4.09,0.42
4.10,-1.20
4.11,-0.94
4.12,-0.68
4.13,-0.42
4.14,-0.16
4.15,0.10
4.16,0.53
4.17,0.96
4.18,1.39
4.19,1.82
4.20,2.25
4.21,0.98
4.22,-0.29
4.23,-1.57
4.24,-2.84
4.25,-4.11
4.26,-5.59
4.27,-7.06
4.28,-8.54
4.29,-10.01
4.30,-11.49
4.31,-6.64
4.32,-1.80
4.33,3.05
4.34,7.89
4.35,12.74
4.36,11.70
4.37,10.67
4.38,9.63
4.39,8.60
4.40,7.56
4.41,4.01
4.42,0.46
4.43,-3.09
4.44,-6.64
4.45,-10.19
4.46,-7.13
4.47,-4.08
4.48,-1.02
4.49,2.03
4.50,5.09
4.51,6.62
4.52,8.15
4.53,9.68
4.54,11.21
4.55,12.74
4.56,11.68
4.57,10.61
4.58,9.55
4.59,8.48
4.60,7.42
4.61,2.98
4.62,-1.46
4.63,-5.90
4.64,-10.34
4.65,-14.78
4.66,-9.87
4.67,-4.96
4.68,-0.05
4.69,4.86
4.70,9.77
4.71,7.94
4.72,6.11
4.73,4.28
4.74,2.45
4.75,0.62
4.76,-4.61
4.77,-9.85
4.78,-15.08
4.79,-20.32
4.80,-25.55
4.81,-18.95
4.82,-12.35
4.83,-5.74
4.84,0.86
4.85,7.46
4.86,11.53
4.87,15.60
4.88,19.67
4.89,23.74
4.90,27.81
4.91,20.67
4.92,13.53
4.93,6.40
4.94,-0.74
4.95,-7.88
4.96,-9.85
4.97,-11.83
4.98,-13.80
4.99,-15.78
5.00,-17.75
5.01,-12.64
5.02,-7.53
5.03,-2.41
5.04,2.70
5.05,7.81
5.06,14.07
5.07,20.33
5.08,26.58
5.09,32.84
5.10,39.10
5.11,28.82
5.12,18.54
5.13,8.26
5.14,-2.02
5.15,-12.30
5.16,-12.33
5.17,-12.36
5.18,-12.40
5.19,-12.43
5.20,-12.46
5.21,-3.19
5.22,6.08
5.23,15.34
5.24,24.61
5.25,33.88
5.26,17.49
5.27,1.09
5.28,-15.30
5.29,-31.70
5.30,-48.09
5.31,-40.46
5.32,-32.83
5.33,-25.20
5.34,-17.57
5.35,-9.94
5.36,-9.85
5.37,-9.76
5.38,-9.68
5.39,-9.59
5.40,-9.50
5.41,-12.04
5.42,-14.58
5.43,-17.11
5.44,-19.65
5.45,-22.19
5.46,2.10
5.47,26.39
5.48,50.68
5.49,74.97
5.50,99.26
5.51,90.74
5.52,82.23
5.53,73.71
5.54,65.20
5.55,56.68
5.56,18.69
5.57,-19.30
5.58,-57.29
5.59,-95.28
5.60,-133.27
5.61,-104.21
5.62,-75.16
5.63,-46.10
5.64,-17.05
5.65,12.01
5.66,53.44
5.67,94.87
5.68,136.31
5.69,177.74
5.70,219.17
5.71,151.90
5.72,84.63
5.73,17.36
5.74,-49.91
5.75,-117.18
5.76,-147.43
5.77,-177.69
5.78,-207.94
5.79,-238.20
5.80,-268.45
5.81,-207.07
5.82,-145.69
5.83,-84.32
5.84,-22.94
5.85,38.44
5.86,78.26
5.87,118.08
5.88,157.90
5.89,197.72
5.90,237.54
5.91,155.81
5.92,74.07
5.93,-7.66
5.94,-89.40
5.95,-171.13
5.96,-150.49
5.97,-129.85
5.98,-109.20
5.99,-88.56
6.00,-67.92
6.01,1.58
6.02,71.07
6.03,140.57
6.04,210.06
6.05,279.56
6.06,236.90
6.07,194.24
6.08,151.59
6.09,108.93
6.10,66.27
6.11,60.60
6.12,54.94
6.13,49.27
6.14,43.61
6.15,37.94
6.16,21.14
6.17,4.35
6.18,-12.45
6.19,-29.24
6.20,-46.04
6.21,-23.71
6.22,-1.38
6.23,20.96
6.24,43.29
6.25,65.62
6.26,45.61
6.27,25.60
6.28,5.59
6.29,-14.42
6.30,-34.43
6.31,-76.82
6.32,-119.21
6.33,-161.61
6.34,-204.00
6.35,-246.39
6.36,-213.04
6.37,-179.69
6.38,-146.34
6.39,-112.99
6.40,-79.64
6.41,-50.08
6.42,-20.53
6.43,9.03
6.44,38.58
6.45,68.14
6.46,17.13
6.47,-33.88
6.48,-84.88
6.49,-135.89
6.50,-186.90
6.51,-185.58
6.52,-184.26
6.53,-182.94
6.54,-181.62
6.55,-180.30
6.56,-112.34
6.57,-44.39
6.58,23.57
6.59,91.52
6.60,159.48
6.61,129.94
6.62,100.40
6.63,70.85
6.64,41.31
6.65,11.77
6.66,40.42
6.67,69.06
6.68,97.71
6.69,126.35
6.70,155.00
6.71,142.97
6.72,130.95
6.73,118.92
6.74,106.90
6.75,94.87
6.76,64.45
6.77,34.04
6.78,3.62
6.79,-26.79
6.80,-57.21
6.81,-34.31
6.82,-11.41
6.83,11.48
6.84,34.38
6.85,57.28
6.86,7.41
6.87,-42.45
6.88,-92.32
6.89,-142.18
6.90,-192.05
6.91,-149.87
6.92,-107.69
6.93,-65.52
6.94,-23.34
6.95,18.84
6.96,52.24
6.97,85.65
6.98,119.05
6.99,152.46
7.00,185.86
7.01,136.97
7.02,88.08
7.03,39.19
7.04,-9.70
7.05,-58.59
7.06,-65.63
7.07,-72.66
7.08,-79.70
7.09,-86.73
7.10,-93.77
7.11,-54.45
7.12,-15.13
7.13,24.18
7.14,63.50
7.15,102.82
7.16,101.08
7.17,99.34
7.18,97.61
7.19,95.87
7.20,94.13
7.21,28.17
7.22,-37.79
7.23,-103.74
7.24,-169.70
7.25,-235.66
7.26,-182.80
7.27,-129.94
7.28,-77.08
7.29,-24.22
7.30,28.64
7.31,51.95
7.32,75.26
7.33,98.57
7.34,121.88
7.35,145.19
7.36,102.09
7.37,59.00
7.38,15.90
7.39,-27.19
7.40,-70.29
7.41,-16.62
7.42,37.05
7.43,90.73
7.44,144.40
7.45,198.07
7.46,172.55
7.47,147.03
7.48,121.50
7.49,95.98
7.50,70.46
7.51,48.15
7.52,25.85
7.53,3.54
7.54,-18.76
7.55,-41.07
7.56,-42.76
7.57,-44.44
7.58,-46.13
7.59,-47.81
7.60,-49.50
7.61,-50.31
7.62,-51.12
7.63,-51.94
7.64,-52.75
7.65,-53.56
7.66,-59.68
7.67,-65.80
7.68,-71.93
7.69,-78.05
7.70,-84.17
7.71,-82.02
7.72,-79.86
7.73,-77.71
7.74,-75.55
7.75,-73.40
7.76,-44.40
7.77,-15.40
7.78,13.60
7.79,42.60
7.80,71.60
7.81,85.93
7.82,100.27
7.83,114.60
7.84,128.94
7.85,143.27
7.86,98.52
7.87,53.77
7.88,9.01
7.89,-35.74
7.90,-80.49
7.91,-103.95
7.92,-127.42
7.93,-150.88
7.94,-174.35
7.95,-197.81
7.96,-104.59
7.97,-11.38
7.98,81.84
7.99,175.05
8.00,268.27
8.01,190.10
8.02,111.93
8.03,33.75
8.04,-44.42
8.05,-122.59
8.06,-124.37
8.07,-126.15
8.08,-127.93
8.09,-129.71
8.10,-131.49
8.11,-80.77
8.12,-30.05
8.13,20.66
8.14,71.38
8.15,122.10
8.16,105.15
8.17,88.20
8.18,71.26
8.19,54.31
8.20,37.36
8.21,49.66
8.22,61.96
8.23,74.25
8.24,86.55
8.25,98.85
8.26,69.96
8.27,41.07
8.28,12.17
8.29,-16.72
8.30,-45.61
8.31,-55.61
8.32,-65.61
8.33,-75.62
8.34,-85.62
8.35,-95.62
8.36,-97.87
8.37,-100.13
8.38,-102.38
8.39,-104.64
8.40,-106.89
8.41,-79.18
8.42,-51.47
8.43,-23.76
8.44,3.95
8.45,31.66
8.46,7.92
8.47,-15.82
8.48,-39.55
8.49,-63.29
8.50,-87.03
8.51,-70.25
8.52,-53.47
8.53,-36.70
8.54,-19.92
8.55,-3.14
8.56,30.23
8.57,63.60
8.58,96.98
8.59,130.35
8.60,163.72
8.61,119.94
8.62,76.16
8.63,32.38
8.64,-11.40
8.65,-55.18
8.66,-32.51
8.67,-9.85
8.68,12.82
8.69,35.48
8.70,58.15
8.71,79.89
8.72,101.63
8.73,123.37
8.74,145.11
8.75,166.85
8.76,143.27
8.77,119.69
8.78,96.11
8.79,72.53
8.80,48.95
8.81,25.76
8.82,2.57
8.83,-20.62
8.84,-43.81
8.85,-67.00
8.86,-72.11
8.87,-77.22
8.88,-82.33
8.89,-87.44
8.90,-92.55
8.91,-64.88
8.92,-37.20
8.93,-9.53
8.94,18.15
8.95,45.82
8.96,49.90
8.97,53.98
8.98,58.05
8.99,62.13
9.00,66.21
9.01,72.86
9.02,79.51
9.03,86.17
9.04,92.82
9.05,99.47
9.06,64.16
9.07,28.85
9.08,-6.45
9.09,-41.76
9.10,-77.07
9.11,-85.41
9.12,-93.74
9.13,-102.08
9.14,-110.41
9.15,-118.75
9.16,-86.97
9.17,-55.19
9.18,-23.41
9.19,8.37
9.20,40.15
9.21,27.46
9.22,14.77
9.23,2.08
9.24,-10.61
9.25,-23.30
9.26,-38.51
9.27,-53.72
9.28,-68.93
9.29,-84.14
9.30,-99.35
9.31,-84.80
9.32,-70.26
9.33,-55.71
9.34,-41.17
9.35,-26.62
9.36,-39.16
9.37,-51.70
9.38,-64.25
9.39,-76.79
9.40,-89.33
9.41,-105.67
9.42,-122.01
9.43,-138.34
9.44,-154.68
9.45,-171.02
9.46,-121.86
9.47,-72.71
9.48,-23.55
9.49,25.60
9.50,74.76
9.51,99.34
9.52,123.93
9.53,148.51
9.54,173.10
9.55,197.68
9.56,151.33
9.57,104.97
9.58,58.62
9.59,12.26
9.60,-34.09
9.61,-46.28
9.62,-58.47
9.63,-70.65
9.64,-82.84
9.65,-95.03
9.66,-53.20
9.67,-11.36
9.68,30.47
9.69,72.31
9.70,114.14
9.71,122.35
9.72,130.56
9.73,138.77
9.74,146.98
9.75,155.19
9.76,145.48
9.77,135.77
9.78,126.05
9.79,116.34
9.80,106.63
9.81,79.22
9.82,51.82
9.83,24.41
9.84,-2.99
9.85,-30.40
9.86,-32.14
9.87,-33.88
9.88,-35.61
9.89,-37.35
9.90,-39.09
9.91,-32.89
9.92,-26.68
9.93,-20.48
9.94,-14.27
9.95,-8.07
9.96,-47.19
9.97,-86.32
9.98,-125.44
9.99,-164.57
10.00,-203.69
10.01,-194.01
10.02,-184.33
10.03,-174.65
10.04,-164.97
10.05,-155.29
10.06,-109.52
10.07,-63.75
10.08,-17.99
10.09,27.78
10.10,73.55
10.11,61.55
10.12,49.55
10.13,37.56
10.14,25.56
10.15,13.56
10.16,-10.21
10.17,-33.98
10.18,-57.76
10.19,-81.53
10.20,-105.30
10.21,-67.86
10.22,-30.42
10.23,7.01
10.24,44.45
10.25,81.89
10.26,116.53
10.27,151.17
10.28,185.80
10.29,220.44
10.30,255.08
10.31,222.30
10.32,189.52
10.33,156.75
10.34,123.97
10.35,91.19
10.36,52.05
10.37,12.91
10.38,-26.22
10.39,-65.36
10.40,-104.50
10.41,-107.46
10.42,-110.43
10.43,-113.39
10.44,-116.36
10.45,-119.32
10.46,-76.59
10.47,-33.85
10.48,8.88
10.49,51.62
10.50,94.35
10.51,109.42
10.52,124.48
10.53,139.55
10.54,154.61
10.55,169.68
10.56,118.04
10.57,66.41
10.58,14.77
10.59,-36.86
10.60,-88.50
10.61,-109.10
10.62,-129.70
10.63,-150.29
10.64,-170.89
10.65,-191.49
10.66,-146.14
10.67,-100.79
10.68,-55.44
10.69,-10.09
10.70,35.26
10.71,55.42
10.72,75.58
10.73,95.74
10.74,115.90
10.75,136.06
10.76,105.28
10.77,74.49
10.78,43.71
10.79,12.92
10.80,-17.86
10.81,-63.75
10.82,-109.65
10.83,-155.54
10.84,-201.44
10.85,-247.33
10.86,-222.17
10.87,-197.02
10.88,-171.86
10.89,-146.71
10.90,-121.55
10.91,-58.35
10.92,4.85
10.93,68.04
10.94,131.24
10.95,194.44
10.96,178.16
10.97,161.87
10.98,145.59
10.99,129.30
11.00,113.02
11.01,75.62
11.02,38.22
11.03,0.83
11.04,-36.57
11.05,-73.97
11.06,-98.07
11.07,-122.17
11.08,-146.26
11.09,-170.36
11.10,-194.46
11.11,-152.83
11.12,-111.21
11.13,-69.58
11.14,-27.96
11.15,13.67
11.16,45.18
11.17,76.70
11.18,108.21
11.19,139.73
11.20,171.24
11.21,161.05
11.22,150.86
11.23,140.67
11.24,130.48
11.25,120.29
11.26,94.91
11.27,69.54
11.28,44.16
11.29,18.79
11.30,-6.59
11.31,-24.51
11.32,-42.44
11.33,-60.36
11.34,-78.29
11.35,-96.21
11.36,-66.58
11.37,-36.95
11.38,-7.33
11.39,22.30
11.40,51.93
11.41,50.45
11.42,48.96
11.43,47.48
11.44,45.99
11.45,44.51
11.46,32.78
11.47,21.05
11.48,9.31
11.49,-2.42
11.50,-14.15
11.51,-24.08
11.52,-34.01
11.53,-43.93
11.54,-53.86
11.55,-63.79
11.56,-59.32
11.57,-54.84
11.58,-50.37
11.59,-45.89
11.60,-41.42
11.61,-36.72
11.62,-32.01
11.63,-27.31
11.64,-22.60
11.65,-17.90
11.66,-16.57
11.67,-15.24
11.68,-13.91
11.69,-12.58
11.70,-11.25
11.71,-14.12
11.72,-17.00
11.73,-19.87
11.74,-22.75
11.75,-25.62
11.76,-17.01
11.77,-8.40
11.78,0.22
11.79,8.83
11.80,17.44
11.81,14.79
11.82,12.14
11.83,9.50
11.84,6.85
11.85,4.20
11.86,-3.14
11.87,-10.48
11.88,-17.81
11.89,-25.15
11.90,-32.49
11.91,-16.18
11.92,0.13
11.93,16.43
11.94,32.74
11.95,49.05
11.96,46.70
11.97,44.36
11.98,42.01
11.99,39.67
12.00,37.32
12.01,30.10
12.02,22.88
12.03,15.66
12.04,8.44
12.05,1.22
12.06,2.24
12.07,3.26
12.08,4.27
12.09,5.29
12.10,6.31
12.11,16.38
12.12,26.46
12.13,36.53
12.14,46.61
12.15,56.68
12.16,32.80
12.17,8.93
12.18,-14.95
12.19,-38.82
12.20,-62.70
12.21,-82.37
12.22,-102.03
12.23,-121.70
12.24,-141.36
12.25,-161.03
12.26,-123.07
12.27,-85.11
12.28,-47.16
12.29,-9.20
12.30,28.76
12.31,47.79
12.32,66.82
12.33,85.84
12.34,104.87
12.35,123.90
12.36,91.06
12.37,58.22
12.38,25.39
12.39,-7.45
12.40,-40.29
12.41,-53.42
12.42,-66.55
12.43,-79.68
12.44,-92.81
12.45,-105.94
12.46,-93.23
12.47,-80.52
12.48,-67.81
12.49,-55.10
12.50,-42.39
12.51,-24.84
12.52,-7.30
12.53,10.25
12.54,27.79
12.55,45.34
12.56,70.81
12.57,96.28
12.58,121.74
12.59,147.21
12.60,172.68
12.61,149.08
12.62,125.48
12.63,101.87
12.64,78.27
12.65,54.67
12.66,27.34
12.67,0.01
12.68,-27.32
12.69,-54.65
12.70,-81.98
12.71,-63.74
12.72,-45.50
12.73,-27.27
12.74,-9.03
12.75,9.21
12.76,-4.70
12.77,-18.60
12.78,-32.51
12.79,-46.41
12.80,-60.32
12.81,-50.35
12.82,-40.38
12.83,-30.42
12.84,-20.45
12.85,-10.48
12.86,2.61
12.87,15.70
12.88,28.80
12.89,41.89
12.90,54.98
12.91,39.88
12.92,24.78
12.93,9.69
12.94,-5.41
12.95,-20.51
12.96,-19.86
12.97,-19.22
12.98,-18.57
12.99,-17.93
13.00,-17.28
13.01,-3.97
13.02,9.33
13.03,22.64
13.04,35.94
13.05,49.25
13.06,37.76
13.07,26.27
13.08,14.77
13.09,3.28
13.10,-8.21
13.11,-11.09
13.12,-13.97
13.13,-16.84
13.14,-19.72
13.15,-22.60
13.16,-2.79
13.17,17.02
13.18,36.83
13.19,56.64
13.20,76.45
13.21,44.08
13.22,11.70
13.23,-20.67
13.24,-53.05
13.25,-85.42
13.26,-89.96
13.27,-94.49
13.28,-99.03
13.29,-103.56
13.30,-108.10
13.31,-65.44
13.32,-22.78
13.33,19.88
13.34,62.54
13.35,105.20
13.36,102.26
13.37,99.32
13.38,96.38
13.39,93.44
13.40,90.50
13.41,55.11
13.42,19.72
13.43,-15.66
13.44,-51.05
13.45,-86.44
13.46,-77.76
13.47,-69.08
13.48,-60.41
13.49,-51.73
13.50,-43.05
13.51,-11.24
13.52,20.56
13.53,52.37
13.54,84.17
13.55,115.98
13.56,97.17
13.57,78.36
13.58,59.56
13.59,40.75
13.60,21.94
13.61,-2.77
13.62,-27.49
13.63,-52.20
13.64,-76.92
13.65,-101.63
13.66,-92.53
13.67,-83.44
13.68,-74.34
13.69,-65.25
13.70,-56.15
13.71,-34.15
13.72,-12.14
13.73,9.86
13.74,31.87
13.75,53.87
13.76,61.21
13.77,68.54
13.78,75.88
13.79,83.21
13.80,90.55
13.81,75.65
13.82,60.74
13.83,45.84
13.84,30.93
13.85,16.03
13.86,-0.26
13.87,-16.56
13.88,-32.85
13.89,-49.15
13.90,-65.44
13.91,-71.87
13.92,-78.30
13.93,-84.74
13.94,-91.17
13.95,-97.60
13.96,-81.50
13.97,-65.40
13.98,-49.30
13.99,-33.20
14.00,-17.10
14.01,-6.30
14.02,4.50
14.03,15.29
14.04,26.09
14.05,36.89
14.06,42.24
14.07,47.58
14.08,52.93
14.09,58.27
14.10,63.62
14.11,41.98
14.12,20.34
14.13,-1.30
14.14,-22.94
14.15,-44.58
14.16,-45.07
14.17,-45.57
14.18,-46.06
14.19,-46.56
14.20,-47.05
14.21,-20.01
14.22,7.04
14.23,34.08
14.24,61.13
14.25,88.17
14.26,77.49
14.27,66.81
14.28,56.12
14.29,45.44
14.30,34.76
14.31,15.64
14.32,-3.48
14.33,-22.60
14.34,-41.72
14.35,-60.84
14.36,-60.47
14.37,-60.10
14.38,-59.72
14.39,-59.35
14.40,-58.98
14.41,-35.06
14.42,-11.13
14.43,12.79
14.44,36.72
14.45,60.64
14.46,58.84
14.47,57.04
14.48,55.25
14.49,53.45
14.50,51.65
14.51,41.19
14.52,30.72
14.53,20.26
14.54,9.79
14.55,-0.67
14.56,10.73
14.57,22.13
14.58,33.52
14.59,44.92
14.60,56.32
14.61,42.49
14.62,28.66
14.63,14.84
14.64,1.01
14.65,-12.82
14.66,-28.65
14.67,-44.48
14.68,-60.30
14.69,-76.13
14.70,-91.96
14.71,-85.94
14.72,-79.92
14.73,-73.90
14.74,-67.88
14.75,-61.86
14.76,-36.48
14.77,-11.11
14.78,14.27
14.79,39.64
14.80,65.02
14.81,56.90
14.82,48.78
14.83,40.66
14.84,32.54
14.85,24.42
14.86,8.94
14.87,-6.54
14.88,-22.01
14.89,-37.49
14.90,-52.97
14.91,-35.38
14.92,-17.78
14.93,-0.19
14.94,17.41
14.95,35.00
14.96,41.53
14.97,48.05
14.98,54.58
14.99,61.10
15.00,67.63
15.01,51.68
15.02,35.73
15.03,19.77
15.04,3.82
15.05,-12.13
15.06,-7.97
15.07,-3.81
15.08,0.36
15.09,4.52
15.10,8.68
15.11,12.21
15.12,15.74
15.13,19.26
15.14,22.79
15.15,26.32
15.16,20.91
15.17,15.50
15.18,10.09
15.19,4.68
15.20,-0.73
15.21,-4.47
15.22,-8.20
15.23,-11.94
15.24,-15.67
15.25,-19.41
15.26,-26.22
15.27,-33.02
15.28,-39.83
15.29,-46.63
15.30,-53.44
15.31,-32.82
15.32,-12.21
15.33,8.41
15.34,29.02
15.35,49.64
15.36,55.14
15.37,60.64
15.38,66.15
15.39,71.65
15.40,77.15
15.41,56.69
15.42,36.24
15.43,15.78
15.44,-4.67
15.45,-25.13
15.46,-41.74
15.47,-58.35
15.48,-74.95
15.49,-91.56
15.50,-108.17
15.51,-79.44
15.52,-50.71
15.53,-21.99
15.54,6.74
15.55,35.47
15.56,40.70
15.57,45.93
15.58,51.17
15.59,56.40
15.60,61.63
15.61,42.48
15.62,23.34
15.63,4.19
15.64,-14.95
15.65,-34.10
15.66,-43.10
15.67,-52.10
15.68,-61.11
15.69,-70.11
15.70,-79.11
15.71,-71.01
15.72,-62.90
15.73,-54.80
15.74,-46.69
15.75,-38.59
15.76,-17.27
15.77,4.05
15.78,25.36
15.79,46.68
15.80,68.00
15.81,76.67
15.82,85.34
15.83,94.02
15.84,102.69
15.85,111.36
15.86,106.72
15.87,102.08
15.88,97.43
15.89,92.79
15.90,88.15
15.91,52.58
15.92,17.00
15.93,-18.57
15.94,-54.15
15.95,-89.72
15.96,-87.41
15.97,-85.10
15.98,-82.78
15.99,-80.47
16.00,-78.16
16.01,-53.92
16.02,-29.69
16.03,-5.45
16.04,18.78
16.05,43.02
16.06,35.66
16.07,28.31
16.08,20.95
16.09,13.60
16.10,6.24
16.11,1.80
16.12,-2.65
16.13,-7.09
16.14,-11.54
16.15,-15.98
16.16,-0.35
16.17,15.29
16.18,30.92
16.19,46.56
16.20,62.19
16.21,56.27
16.22,50.35
16.23,44.42
16.24,38.50
16.25,32.58
16.26,-12.57
16.27,-57.72
16.28,-102.88
16.29,-148.03
16.30,-193.18
16.31,-175.98
16.32,-158.77
16.33,-141.57
16.34,-124.36
16.35,-107.16
16.36,-52.55
16.37,2.06
16.38,56.68
16.39,111.29
16.40,165.90
16.41,159.57
16.42,153.24
16.43,146.91
16.44,140.58
16.45,134.25
16.46,85.08
16.47,35.91
16.48,-13.27
16.49,-62.44
16.50,-111.61
16.51,-115.95
16.52,-120.29
16.53,-124.64
16.54,-128.98
16.55,-133.32
16.56,-86.44
16.57,-39.56
16.58,7.33
16.59,54.21
16.60,101.09
16.61,102.82
16.62,104.55
16.63,106.28
16.64,108.01
16.65,109.74
16.66,96.97
16.67,84.20
16.68,71.43
16.69,58.66
16.70,45.89
16.71,20.64
16.72,-4.61
16.73,-29.86
16.74,-55.11
16.75,-80.36
16.76,-90.46
16.77,-100.56
16.78,-110.67
16.79,-120.77
16.80,-130.87
16.81,-83.05
16.82,-35.22
16.83,12.60
16.84,60.43
16.85,108.25
16.86,116.77
16.87,125.29
16.88,133.81
16.89,142.33
16.90,150.85
16.91,116.80
16.92,82.75
16.93,48.69
16.94,14.64
16.95,-19.41
16.96,-39.71
16.97,-60.01
16.98,-80.32
16.99,-100.62
17.00,-120.92
17.01,-114.63
17.02,-108.34
17.03,-102.06
17.04,-95.77
17.05,-89.48
17.06,-58.88
17.07,-28.28
17.08,2.32
17.09,32.92
17.10,63.52
17.11,64.26
17.12,65.00
17.13,65.73
17.14,66.47
17.15,67.21
17.16,43.54
17.17,19.88
17.18,-3.79
17.19,-27.45
17.20,-51.12
17.21,-54.21
17.22,-57.31
17.23,-60.40
17.24,-63.50
17.25,-66.59
17.26,-57.32
17.27,-48.05
17.28,-38.79
17.29,-29.52
17.30,-20.25
17.31,-4.61
17.32,11.03
17.33,26.66
17.34,42.30
17.35,57.94
17.36,63.19
17.37,68.44
17.38,73.69
17.39,78.94
17.40,84.19
17.41,63.29
17.42,42.39
17.43,21.48
17.44,0.58
17.45,-20.32
17.46,-23.90
17.47,-27.49
17.48,-31.07
17.49,-34.66
17.50,-38.24
17.51,-38.86
17.52,-39.47
17.53,-40.09
17.54,-40.70
17.55,-41.32
17.56,-30.35
17.57,-19.38
17.58,-8.42
17.59,2.55
17.60,13.52
17.61,31.18
17.62,48.84
17.63,66.51
17.64,84.17
17.65,101.83
17.66,82.15
17.67,62.48
17.68,42.80
17.69,23.13
17.70,3.45
17.71,-11.83
17.72,-27.11
17.73,-42.39
17.74,-57.67
17.75,-72.95
17.76,-77.11
17.77,-81.28
17.78,-85.44
17.79,-89.61
17.80,-93.77
17.81,-70.55
17.82,-47.33
17.83,-24.10
17.84,-0.88
17.85,22.34
17.86,40.28
17.87,58.22
17.88,76.16
17.89,94.10
17.90,112.04
17.91,96.91
17.92,81.78
17.93,66.66
17.94,51.53
17.95,36.40
17.96,12.96
17.97,-10.49
17.98,-33.93
17.99,-57.38
18.00,-80.82
18.01,-74.68
18.02,-68.54
18.03,-62.41
18.04,-56.27
18.05,-50.13
18.06,-25.48
18.07,-0.84
18.08,23.81
18.09,48.45
18.10,73.10
18.11,77.16
18.12,81.23
18.13,85.29
18.14,89.36
18.15,93.42
18.16,77.49
18.17,61.56
18.18,45.62
18.19,29.69
18.20,13.76
18.21,-5.22
18.22,-24.19
18.23,-43.17
18.24,-62.14
18.25,-81.12
18.26,-70.45
18.27,-59.78
18.28,-49.10
18.29,-38.43
18.30,-27.76
18.31,-11.56
18.32,4.65
18.33,20.85
18.34,37.06
18.35,53.26
18.36,51.27
18.37,49.28
18.38,47.30
18.39,45.31
18.40,43.32
18.41,31.33
18.42,19.35
18.43,7.36
18.44,-4.62
18.45,-16.61
18.46,-24.03
18.47,-31.45
18.48,-38.86
18.49,-46.28
18.50,-53.70
18.51,-47.06
18.52,-40.42
18.53,-33.77
18.54,-27.13
18.55,-20.49
18.56,-8.73
18.57,3.03
18.58,14.80
18.59,26.56
18.60,38.32
18.61,28.28
18.62,18.24
18.63,8.19
18.64,-1.85
18.65,-11.89
18.66,-17.77
18.67,-23.65
18.68,-29.52
18.69,-35.40
18.70,-41.28
18.71,-28.50
18.72,-15.73
18.73,-2.95
18.74,9.82
18.75,22.60
18.76,15.68
18.77,8.76
18.78,1.85
18.79,-5.07
18.80,-11.99
18.81,-21.32
18.82,-30.65
18.83,-39.99
18.84,-49.32
18.85,-58.65
18.86,-53.28
18.87,-47.92
18.88,-42.55
18.89,-37.19
18.90,-31.82
18.91,-24.06
18.92,-16.30
18.93,-8.53
18.94,-0.77
18.95,6.99
18.96,-1.26
18.97,-9.52
18.98,-17.77
18.99,-26.03
19.00,-34.28
19.01,-18.09
19.02,-1.90
19.03,14.28
19.04,30.47
19.05,46.66
19.06,52.52
19.07,58.38
19.08,64.25
19.09,70.11
19.10,75.97
19.11,43.17
19.12,10.38
19.13,-22.42
19.14,-55.21
19.15,-88.01
19.16,-83.62
19.17,-79.23
19.18,-74.83
19.19,-70.44
19.20,-66.05
19.21,-40.33
19.22,-14.60
19.23,11.12
19.24,36.85
19.25,62.57
19.26,62.40
19.27,62.22
19.28,62.05
19.29,61.87
19.30,61.70
19.31,46.06
19.32,30.42
19.33,14.78
19.34,-0.86
19.35,-16.50
19.36,-20.03
19.37,-23.56
19.38,-27.10
19.39,-30.63
19.40,-34.16
19.41,-42.67
19.42,-51.19
19.43,-59.70
19.44,-68.22
19.45,-76.73
19.46,-53.68
19.47,-30.64
19.48,-7.59
19.49,15.45
19.50,38.50
19.51,38.93
19.52,39.35
19.53,39.78
19.54,40.20
19.55,40.63
19.56,30.27
19.57,19.91
19.58,9.55
19.59,-0.81
19.60,-11.17
19.61,8.69
19.62,28.55
19.63,48.41
19.64,68.27
19.65,88.13
19.66,58.23
19.67,28.33
19.68,-1.57
19.69,-31.47
19.70,-61.37
19.71,-68.73
19.72,-76.09
19.73,-83.46
19.74,-90.82
19.75,-98.18
19.76,-57.94
19.77,-17.69
19.78,22.55
19.79,62.80
19.80,103.04
19.81,84.94
19.82,66.85
19.83,48.75
19.84,30.66
19.85,12.56
19.86,-4.47
19.87,-21.51
19.88,-38.54
19.89,-55.58
19.90,-72.61
19.91,-44.67
19.92,-16.72
19.93,11.22
19.94,39.17
19.95,67.11
19.96,63.56
19.97,60.02
19.98,56.47
19.99,52.93
20.00,49.38
20.01,42.25
20.02,35.12
20.03,28.00
20.04,20.87
20.05,13.74
20.06,1.57
20.07,-10.61
20.08,-22.78
20.09,-34.96
20.10,-47.13
20.11,-42.99
20.12,-38.84
20.13,-34.70
20.14,-30.55
20.15,-26.41
20.16,-18.96
20.17,-11.50
20.18,-4.05
20.19,3.41
20.20,10.86
20.21,11.00
20.22,11.15
20.23,11.29
20.24,11.44
20.25,11.58
20.26,22.33
20.27,33.07
20.28,43.82
20.29,54.56
20.30,65.31
20.31,46.74
20.32,28.18
20.33,9.61
20.34,-8.95
20.35,-27.52
20.36,-20.78
20.37,-14.04
20.38,-7.29
20.39,-0.55
20.40,6.19
20.41,5.15
20.42,4.11
20.43,3.07
20.44,2.03
20.45,0.99
20.46,-20.22
20.47,-41.44
20.48,-62.65
20.49,-83.87
20.50,-105.08
20.51,-91.51
20.52,-77.95
20.53,-64.38
20.54,-50.82
20.55,-37.25
20.56,-11.39
20.57,14.46
20.58,40.32
20.59,66.17
20.60,92.03
20.61,91.81
20.62,91.59
20.63,91.38
20.64,91.16
20.65,90.94
20.66,66.28
20.67,41.61
20.68,16.95
20.69,-7.72
20.70,-32.38
20.71,-39.12
20.72,-45.86
20.73,-52.59
20.74,-59.33
20.75,-66.07
20.76,-57.06
20.77,-48.05
20.78,-39.05
20.79,-30.04
20.80,-21.03
20.81,-9.44
20.82,2.15
20.83,13.73
20.84,25.32
20.85,36.91
20.86,38.35
20.87,39.79
20.88,41.24
20.89,42.68
20.90,44.12
20.91,36.16
20.92,28.20
20.93,20.24
20.94,12.28
20.95,4.32
20.96,-6.12
20.97,-16.55
20.98,-26.99
20.99,-37.42
21.00,-47.86
21.01,-40.31
21.02,-32.76
21.03,-25.22
21.04,-17.67
21.05,-10.12
21.06,-3.92
21.07,2.27
21.08,8.47
21.09,14.66
21.10,20.86
21.11,18.15
21.12,15.44
21.13,12.74
21.14,10.03
21.15,7.32
21.16,5.53
21.17,3.74
21.18,1.94
21.19,0.15
21.20,-1.64
21.21,-8.91
21.22,-16.18
21.23,-23.44
21.24,-30.71
21.25,-37.98
21.26,-32.79
21.27,-27.59
21.28,-22.40
21.29,-17.20
21.30,-12.01
21.31,-2.82
21.32,6.37
21.33,15.56
21.34,24.75
21.35,33.94
21.36,33.29
21.37,32.64
21.38,31.98
21.39,31.33
21.40,30.68
21.41,28.17
21.42,25.66
21.43,23.16
21.44,20.65
21.45,18.14
21.46,8.01
21.47,-2.12
21.48,-12.25
21.49,-22.38
21.50,-32.51
21.51,-38.59
21.52,-44.67
21.53,-50.75
21.54,-56.83
21.55,-62.91
21.56,-49.92
21.57,-36.92
21.58,-23.93
21.59,-10.93
21.60,2.06
21.61,8.69
21.62,15.32
21.63,21.96
21.64,28.59
21.65,35.22
21.66,32.72
21.67,30.23
21.68,27.73
21.69,25.24
21.70,22.74
21.71,16.63
21.72,10.52
21.73,4.41
21.74,-1.70
21.75,-7.81
21.76,-10.66
21.77,-13.52
21.78,-16.37
21.79,-19.23
21.80,-22.08
21.81,-23.24
21.82,-24.40
21.83,-25.55
21.84,-26.71
21.85,-27.87
21.86,-30.72
21.87,-33.57
21.88,-36.41
21.89,-39.26
21.90,-42.11
21.91,-27.37
21.92,-12.63
21.93,2.10
21.94,16.84
21.95,31.58
21.96,35.99
21.97,40.40
21.98,44.80
21.99,49.21
22.00,53.62
22.01,36.83
22.02,20.04
22.03,3.25
22.04,-13.54
22.05,-30.33
22.06,-28.71
22.07,-27.09
22.08,-25.46
22.09,-23.84
22.10,-22.22
22.11,-13.42
22.12,-4.63
22.13,4.17
22.14,12.96
22.15,21.76
22.16,28.49
22.17,35.23
22.18,41.96
22.19,48.70
22.20,55.43
22.21,58.11
22.22,60.80
22.23,63.48
22.24,66.17
22.25,68.85
22.26,54.84
22.27,40.83
22.28,26.83
22.29,12.82
22.30,-1.19
22.31,-30.33
22.32,-59.47
22.33,-88.61
22.34,-117.75
22.35,-146.89
22.36,-125.36
22.37,-103.82
22.38,-82.29
22.39,-60.75
22.40,-39.22
22.41,-14.41
22.42,10.40
22.43,35.21
22.44,60.02
22.45,84.83
22.46,64.19
22.47,43.55
22.48,22.90
22.49,2.26
22.50,-18.38
22.51,-12.36
22.52,-6.34
22.53,-0.33
22.54,5.69
22.55,11.71
22.56,22.58
22.57,33.45
22.58,44.32
22.59,55.19
22.60,66.06
22.61,46.15
22.62,26.25
22.63,6.34
22.64,-13.56
22.65,-33.47
22.66,-44.17
22.67,-54.86
22.68,-65.56
22.69,-76.25
22.70,-86.95
22.71,-55.22
22.72,-23.49
22.73,8.23
22.74,39.96
22.75,71.69
22.76,69.55
22.77,67.40
22.78,65.26
22.79,63.11
22.80,60.97
22.81,33.80
22.82,6.63
22.83,-20.53
22.84,-47.70
22.85,-74.87
22.86,-64.34
22.87,-53.80
22.88,-43.27
22.89,-32.73
22.90,-22.20
22.91,-4.44
22.92,13.33
22.93,31.09
22.94,48.86
22.95,66.62
22.96,50.14
22.97,33.66
22.98,17.17
22.99,0.69
23.00,-15.79
23.01,-21.55
23.02,-27.31
23.03,-33.07
23.04,-38.83
23.05,-44.59
23.06,-32.13
23.07,-19.66
23.08,-7.20
23.09,5.27
23.10,17.73
23.11,21.70
23.12,25.67
23.13,29.65
23.14,33.62
23.15,37.59
23.16,36.25
23.17,34.91
23.18,33.56
23.19,32.22
23.20,30.88
23.21,29.33
23.22,27.77
23.23,26.22
23.24,24.66
23.25,23.11
23.26,10.74
23.27,-1.64
23.28,-14.01
23.29,-26.39
23.30,-38.76
23.31,-46.73
23.32,-54.69
23.33,-62.66
23.34,-70.62
23.35,-78.59
23.36,-55.76
23.37,-32.93
23.38,-10.11
23.39,12.72
23.40,35.55
23.41,19.80
23.42,4.05
23.43,-11.69
23.44,-27.44
23.45,-43.19
23.46,-55.99
23.47,-68.80
23.48,-81.60
23.49,-94.41
23.50,-107.21
23.51,-90.32
23.52,-73.42
23.53,-56.53
23.54,-39.63
23.55,-22.74
23.56,5.38
23.57,33.50
23.58,61.63
23.59,89.75
23.60,117.87
23.61,109.97
23.62,102.07
23.63,94.16
23.64,86.26
23.65,78.36
23.66,52.84
23.67,27.31
23.68,1.79
23.69,-23.74
23.70,-49.26
23.71,-40.26
23.72,-31.27
23.73,-22.27
23.74,-13.28
23.75,-4.28
23.76,-6.08
23.77,-7.88
23.78,-9.68
23.79,-11.48
23.80,-13.28
23.81,-2.24
23.82,8.80
23.83,19.85
23.84,30.89
23.85,41.93
23.86,53.32
23.87,64.70
23.88,76.09
23.89,87.47
23.90,98.86
23.91,62.14
23.92,25.42
23.93,-11.29
23.94,-48.01
23.95,-84.73
23.96,-95.91
23.97,-107.09
23.98,-118.28
23.99,-129.46
24.00,-140.64
24.01,-103.77
24.02,-66.90
24.03,-30.04
24.04,6.83
24.05,43.70
24.06,57.60
24.07,71.50
24.08,85.39
24.09,99.29
24.10,113.19
24.11,102.08
24.12,90.97
24.13,79.86
24.14,68.75
24.15,57.64
24.16,42.10
24.17,26.57
24.18,11.03
24.19,-4.50
24.20,-20.04
24.21,-23.90
24.22,-27.76
24.23,-31.63
24.24,-35.49
24.25,-39.35
24.26,-46.20
24.27,-53.05
24.28,-59.89
24.29,-66.74
24.30,-73.59
24.31,-67.85
24.32,-62.11
24.33,-56.37
24.34,-50.63
24.35,-44.89
24.36,-29.68
24.37,-14.47
24.38,0.75
24.39,15.96
24.40,31.17
24.41,28.71
24.42,26.25
24.43,23.80
24.44,21.34
24.45,18.88
24.46,8.88
24.47,-1.12
24.48,-11.11
24.49,-21.11
24.50,-31.11
24.51,-22.29
24.52,-13.47
24.53,-4.66
24.54,4.16
24.55,12.98
24.56,26.44
24.57,39.91
24.58,53.37
24.59,66.84
24.60,80.30
24.61,72.12
24.62,63.93
24.63,55.75
24.64,47.56
24.65,39.38
24.66,17.65
24.67,-4.08
24.68,-25.81
24.69,-47.54
24.70,-69.27
24.71,-59.67
24.72,-50.07
24.73,-40.46
24.74,-30.86
24.75,-21.26
24.76,-10.07
24.77,1.13
24.78,12.32
24.79,23.52
24.80,34.71
24.81,20.92
24.82,7.12
24.83,-6.67
24.84,-20.47
24.85,-34.26
24.86,-28.60
24.87,-22.94
24.88,-17.27
24.89,-11.61
24.90,-5.95
24.91,-7.89
24.92,-9.83
24.93,-11.78
24.94,-13.72
24.95,-15.66
24.96,-11.79
24.97,-7.91
24.98,-4.04
24.99,-0.16
25.00,3.71
25.01,9.58
25.02,15.44
25.03,21.31
25.04,27.17
25.05,33.04
25.06,24.85
25.07,16.66
25.08,8.47
25.09,0.28
25.10,-7.91
25.11,-12.97
25.12,-18.03
25.13,-23.08
25.14,-28.14
25.15,-33.20
25.16,-23.38
25.17,-13.55
25.18,-3.73
25.19,6.10
25.20,15.92
25.21,21.85
25.22,27.77
25.23,33.70
25.24,39.62
25.25,45.55
25.26,39.57
25.27,33.58
25.28,27.60
25.29,21.61
25.30,15.63
25.31,10.87
25.32,6.10
25.33,1.34
25.34,-3.43
25.35,-8.19
25.36,-12.53
25.37,-16.87
25.38,-21.20
25.39,-25.54
25.40,-29.88
25.41,-25.96
25.42,-22.03
25.43,-18.11
25.44,-14.18
25.45,-10.26
25.46,-9.44
25.47,-8.63
25.48,-7.81
25.49,-7.00
25.50,-6.18
25.51,-4.27
25.52,-2.37
25.53,-0.46
25.54,1.44
25.55,3.35
25.56,7.99
25.57,12.63
25.58,17.27
25.59,21.91
25.60,26.55
25.61,28.21
25.62,29.87
25.63,31.53
25.64,33.19
25.65,34.85
25.66,22.42
25.67,9.98
25.68,-2.45
25.69,-14.89
25.70,-27.32
25.71,-26.59
25.72,-25.86
25.73,-25.13
25.74,-24.40
25.75,-23.67
25.76,-17.98
25.77,-12.30
25.78,-6.61
25.79,-0.93
25.80,4.76
25.81,-0.24
25.82,-5.24
25.83,-10.23
25.84,-15.23
25.85,-20.23
25.86,-16.12
25.87,-12.01
25.88,-7.89
25.89,-3.78
25.90,0.33
25.91,-6.87
25.92,-14.07
25.93,-21.28
25.94,-28.48
25.95,-35.68
25.96,-32.78
25.97,-29.87
25.98,-26.97
25.99,-24.06
26.00,-21.16
26.01,-8.09
26.02,4.97
26.03,18.04
26.04,31.10
26.05,44.17
26.06,39.28
26.07,34.39
26.08,29.50
26.09,24.61
26.10,19.72
26.11,18.40
26.12,17.08
26.13,15.75
26.14,14.43
26.15,13.11
26.16,16.34
26.17,19.56
26.18,22.79
26.19,26.01
26.20,29.24
26.21,22.39
26.22,15.54
26.23,8.70
26.24,1.85
26.25,-5.00
26.26,-7.58
26.27,-10.16
26.28,-12.73
26.29,-15.31
26.30,-17.89
26.31,-17.13
26.32,-16.37
26.33,-15.61
26.34,-14.85
26.35,-14.09
26.36,-12.61
26.37,-11.13
26.38,-9.64
26.39,-8.16
26.40,-6.68
26.41,-6.46
26.42,-6.24
26.43,-6.01
26.44,-5.79
26.45,-5.57
26.46,-3.74
26.47,-1.91
26.48,-0.09
26.49,1.74
26.50,3.57
26.51,5.94
26.52,8.30
26.53,10.67
26.54,13.03
26.55,15.40
26.56,11.43
26.57,7.46
26.58,3.48
26.59,-0.49
26.60,-4.46
26.61,-8.41
26.62,-12.37
26.63,-16.32
26.64,-20.28
26.65,-24.23
26.66,-18.37
26.67,-12.52
26.68,-6.66
26.69,-0.81
26.70,5.05
26.71,10.07
26.72,15.09
26.73,20.12
26.74,25.14
26.75,30.16
26.76,23.83
26.77,17.50
26.78,11.17
26.79,4.84
26.80,-1.49
26.81,-5.38
26.82,-9.27
26.83,-13.17
26.84,-17.06
26.85,-20.95
26.86,-18.83
26.87,-16.72
26.88,-14.60
26.89,-12.49
26.90,-10.37
26.91,-5.22
26.92,-0.08
26.93,5.07
26.94,10.21
26.95,15.36
26.96,14.07
26.97,12.77
26.98,11.48
26.99,10.18
27.00,8.89
27.01,3.04
27.02,-2.80
27.03,-8.65
27.04,-14.49
27.05,-20.34
27.06,-16.79
27.07,-13.25
27.08,-9.70
27.09,-6.16
27.10,-2.61
27.11,-0.48
27.12,1.65
27.13,3.78
27.14,5.91
27.15,8.04
27.16,5.33
27.17,2.62
27.18,-0.10
27.19,-2.81
27.20,-5.52
27.21,-3.00
27.22,-0.48
27.23,2.04
27.24,4.56
27.25,7.08
27.26,7.93
27.27,8.77
27.28,9.62
27.29,10.46
27.30,11.31
27.31,7.19
27.32,3.08
27.33,-1.04
27.34,-5.15
27.35,-9.27
27.36,-10.14
27.37,-11.01
27.38,-11.89
27.39,-12.76
27.40,-13.63
27.41,-7.42
27.42,-1.21
27.43,4.99
27.44,11.20
27.45,17.41
27.46,12.95
27.47,8.50
27.48,4.04
27.49,-0.41
27.50,-4.87
27.51,-7.57
27.52,-10.26
27.53,-12.96
27.54,-15.65
27.55,-18.35
27.56,-13.62
27.57,-8.90
27.58,-4.17
27.59,0.55
27.60,5.28
27.61,5.01
27.62,4.73
27.63,4.46
27.64,4.18
27.65,3.91
27.66,7.54
27.67,11.18
27.68,14.81
27.69,18.45
27.70,22.08
27.71,19.22
27.72,16.37
27.73,13.51
27.74,10.66
27.75,7.80
27.76,3.19
27.77,-1.42
27.78,-6.03
27.79,-10.64
27.80,-15.25
27.81,-9.54
27.82,-3.84
27.83,1.87
27.84,7.57
27.85,13.28
27.86,13.41
27.87,13.54
27.88,13.66
27.89,13.79
27.90,13.92
27.91,8.05
27.92,2.18
27.93,-3.68
27.94,-9.55
27.95,-15.42
27.96,-12.53
27.97,-9.64
27.98,-6.76
27.99,-3.87
28.00,-0.98
28.01,-0.51
28.02,-0.04
28.03,0.43
28.04,0.90
28.05,1.37
28.06,0.06
28.07,-1.24
28.08,-2.55
28.09,-3.85
28.10,-5.16
28.11,-1.37
28.12,2.42
28.13,6.21
28.14,10.00
28.15,13.79
28.16,11.35
28.17,8.92
28.18,6.48
28.19,4.05
28.20,1.61
28.21,-1.25
28.22,-4.12
28.23,-6.98
28.24,-9.85
28.25,-12.71
28.26,-6.81
28.27,-0.91
28.28,4.99
28.29,10.89
28.30,16.79
28.31,12.20
28.32,7.60
28.33,3.01
28.34,-1.59
28.35,-6.18
28.36,-7.13
28.37,-8.08
28.38,-9.03
28.39,-9.98
28.40,-10.93
28.41,-6.59
28.42,-2.26
28.43,2.08
28.44,6.41
28.45,10.75
28.46,5.63
28.47,0.50
28.48,-4.62
28.49,-9.75
28.50,-14.87
28.51,-12.56
28.52,-10.26
28.53,-7.95
28.54,-5.65
28.55,-3.34
28.56,0.63
28.57,4.61
28.58,8.58
28.59,12.56
28.60,16.53
28.61,13.76
28.62,10.99
28.63,8.22
28.64,5.45
28.65,2.68
28.66,-5.09
28.67,-12.86
28.68,-20.62
28.69,-28.39
28.70,-36.16
28.71,-29.39
28.72,-22.63
28.73,-15.86
28.74,-9.10
28.75,-2.33
28.76,3.27
28.77,8.87
28.78,14.48
28.79,20.08
28.80,25.68
28.81,26.32
28.82,26.96
28.83,27.60
28.84,28.24
28.85,28.88
28.86,22.07
28.87,15.26
28.88,8.44
28.89,1.63
28.90,-5.18
28.91,-14.37
28.92,-23.56
28.93,-32.75
28.94,-41.94
28.95,-51.13
28.96,-43.31
28.97,-35.50
28.98,-27.68
28.99,-19.87
29.00,-12.05
29.01,1.44
29.02,14.93
29.03,28.42
29.04,41.91
29.05,55.40
29.06,50.46
29.07,45.52
29.08,40.57
29.09,35.63
29.10,30.69
29.11,13.88
29.12,-2.93
29.13,-19.75
29.14,-36.56
29.15,-53.37
29.16,-51.50
29.17,-49.62
29.18,-47.75
29.19,-45.87
29.20,-44.00
29.21,-35.90
29.22,-27.80
29.23,-19.71
29.24,-11.61
29.25,-3.51
29.26,7.34
29.27,18.19
29.28,29.04
29.29,39.89
29.30,50.74
29.31,39.63
29.32,28.53
29.33,17.42
29.34,6.32
29.35,-4.79
29.36,-12.77
29.37,-20.74
29.38,-28.72
29.39,-36.69
29.40,-44.67
29.41,-33.26
29.42,-21.85
29.43,-10.44
29.44,0.97
29.45,12.38
29.46,16.05
29.47,19.72
29.48,23.40
29.49,27.07
29.50,30.74
29.51,24.78
29.52,18.82
29.53,12.87
29.54,6.91
29.55,0.95
29.56,-2.92
29.57,-6.78
29.58,-10.65
29.59,-14.51
29.60,-18.38
29.61,-14.18
29.62,-9.98
29.63,-5.79
29.64,-1.59
29.65,2.61
29.66,4.73
29.67,6.85
29.68,8.97
29.69,11.09
29.70,13.21
29.71,11.40
29.72,9.60
29.73,7.79
29.74,5.99
29.75,4.18
29.76,2.23
29.77,0.28
29.78,-1.66
29.79,-3.61
29.80,-5.56
29.81,-2.69
29.82,0.18
29.83,3.06
29.84,5.93
29.85,8.80
29.86,5.11
29.87,1.42
29.88,-2.26
29.89,-5.95
29.90,-9.64
29.91,-11.46
29.92,-13.28
29.93,-15.10
29.94,-16.92
29.95,-18.74
29.96,-13.49
29.97,-8.24
29.98,-2.98
29.99,2.27
30.00,7.52
30.01,9.74
30.02,11.96
30.03,14.17
30.04,16.39
30.05,18.61
30.06,15.84
30.07,13.06
30.08,10.29
30.09,7.51
30.10,4.74
30.11,1.50
30.12,-1.75
30.13,-4.99
30.14,-8.24
30.15,-11.48
30.16,-10.86
30.17,-10.23
30.18,-9.61
30.19,-8.98
30.20,-8.36
30.21,-4.52
30.22,-0.69
30.23,3.15
30.24,6.98
30.25,10.82
30.26,10.62
30.27,10.42
30.28,10.22
30.29,10.02
30.30,9.82
30.31,5.06
30.32,0.30
30.33,-4.46
30.34,-9.22
30.35,-13.98
30.36,-12.92
30.37,-11.86
30.38,-10.79
30.39,-9.73
30.40,-8.67
30.41,-3.35
30.42,1.97
30.43,7.28
30.44,12.60
30.45,17.92
30.46,13.97
30.47,10.02
30.48,6.06
30.49,2.11
30.50,-1.84
30.51,-4.50
30.52,-7.17
30.53,-9.83
30.54,-12.50
30.55,-15.16
30.56,-12.78
30.57,-10.41
30.58,-8.03
30.59,-5.66
30.60,-3.28
30.61,-0.78
30.62,1.73
30.63,4.23
30.64,6.74
30.65,9.24
30.66,9.42
30.67,9.60
30.68,9.77
30.69,9.95
30.70,10.13
30.71,5.87
30.72,1.61
30.73,-2.66
30.74,-6.92
30.75,-11.18
30.76,-8.50
30.77,-5.81
30.78,-3.13
30.79,-0.44
30.80,2.24
30.81,0.88
30.82,-0.48
30.83,-1.84
30.84,-3.20
30.85,-4.56
30.86,-6.63
30.87,-8.70
30.88,-10.78
30.89,-12.85
30.90,-14.92
30.91,-9.46
30.92,-4.00
30.93,1.45
30.94,6.91
30.95,12.37
30.96,13.15
30.97,13.94
30.98,14.72
30.99,15.51
31.00,16.29
31.01,10.18
31.02,4.07
31.03,-2.05
31.04,-8.16
31.05,-14.27
31.06,-13.43
31.07,-12.58
31.08,-11.74
31.09,-10.89
31.10,-10.05
31.11,-5.48
31.12,-0.90
31.13,3.67
31.14,8.25
31.15,12.82
31.16,11.26
31.17,9.70
31.18,8.14
31.19,6.58
31.20,5.02
31.21,3.87
31.22,2.72
31.23,1.57
31.24,0.42
31.25,-0.73
31.26,-1.03
31.27,-1.34
31.28,-1.64
31.29,-1.95
31.30,-2.25
31.31,-3.31
31.32,-4.38
31.33,-5.44
31.34,-6.51
31.35,-7.57
31.36,-7.34
31.37,-7.11
31.38,-6.88
31.39,-6.65
31.40,-6.42
31.41,-2.14
31.42,2.14
31.43,6.43
31.44,10.71
31.45,14.99
31.46,13.76
31.47,12.52
31.48,11.29
31.49,10.05
31.50,8.82
31.51,4.26
31.52,-0.30
31.53,-4.86
31.54,-9.42
31.55,-13.98
31.56,-14.23
31.57,-14.48
31.58,-14.74
31.59,-14.99
31.60,-15.24
31.61,-11.89
31.62,-8.53
31.63,-5.18
31.64,-1.82
31.65,1.53
31.66,5.27
31.67,9.01
31.68,12.76
31.69,16.50
31.70,20.24
31.71,20.11
31.72,19.98
31.73,19.84
31.74,19.71
31.75,19.58
31.76,14.34
31.77,9.10
31.78,3.86
31.79,-1.38
31.80,-6.62
31.81,-9.36
31.82,-12.10
31.83,-14.83
31.84,-17.57
31.85,-20.31
31.86,-16.33
31.87,-12.34
31.88,-8.36
31.89,-4.37
31.90,-0.39
31.91,0.07
31.92,0.53
31.93,0.99
31.94,1.45
31.95,1.91
31.96,4.05
31.97,6.20
31.98,8.34
31.99,10.49
32.00,12.63
32.01,11.73
32.02,10.83
32.03,9.93
32.04,9.03
32.05,8.13
32.06,5.27
32.07,2.40
32.08,-0.46
32.09,-3.33
32.10,-6.19
32.11,-8.39
32.12,-10.59
32.13,-12.78
32.14,-14.98
32.15,-17.18
32.16,-14.17
32.17,-11.16
32.18,-8.16
32.19,-5.15
32.20,-2.14
32.21,1.88
32.22,5.90
32.23,9.93
32.24,13.95
32.25,17.97
32.26,14.06
32.27,10.16
32.28,6.25
32.29,2.35
32.30,-1.56
32.31,-2.35
32.32,-3.14
32.33,-3.92
32.34,-4.71
32.35,-5.50
32.36,-4.09
32.37,-2.68
32.38,-1.27
32.39,0.14
32.40,1.55
32.41,0.54
32.42,-0.48
32.43,-1.49
32.44,-2.51
32.45,-3.52
32.46,-3.49
32.47,-3.45
32.48,-3.42
32.49,-3.38
32.50,-3.35
32.51,-1.09
32.52,1.17
32.53,3.44
32.54,5.70
32.55,7.96
32.56,6.06
32.57,4.17
32.58,2.27
32.59,0.38
32.60,-1.52
32.61,-3.73
32.62,-5.94
32.63,-8.14
32.64,-10.35
32.65,-12.56
32.66,-9.80
32.67,-7.05
32.68,-4.29
32.69,-1.54
32.70,1.22
32.71,4.82
32.72,8.42
32.73,12.02
32.74,15.62
32.75,19.22
32.76,15.22
32.77,11.21
32.78,7.21
32.79,3.20
32.80,-0.80
32.81,-3.61
32.82,-6.41
32.83,-9.22
32.84,-12.02
32.85,-14.83
32.86,-9.57
32.87,-4.30
32.88,0.96
32.89,6.23
32.90,11.49
32.91,12.17
32.92,12.85
32.93,13.52
32.94,14.20
32.95,14.88
32.96,7.49
32.97,0.09
32.98,-7.30
32.99,-14.70
33.00,-22.09
33.01,-18.67
33.02,-15.24
33.03,-11.82
33.04,-8.39
33.05,-4.97
33.06,-2.95
33.07,-0.93
33.08,1.10
33.09,3.12
33.10,5.14
33.11,2.18
33.12,-0.78
33.13,-3.75
33.14,-6.71
33.15,-9.67
33.16,-7.99
33.17,-6.31
33.18,-4.63
33.19,-2.95
33.20,-1.27
33.21,-1.27
33.22,-1.26
33.23,-1.26
33.24,-1.25
33.25,-1.25
33.26,-2.10
33.27,-2.94
33.28,-3.79
33.29,-4.63
33.30,-5.48
33.31,-4.55
33.32,-3.62
33.33,-2.69
33.34,-1.76
33.35,-0.83
33.36,0.26
33.37,1.35
33.38,2.44
33.39,3.53
33.40,4.62
33.41,3.34
33.42,2.06
33.43,0.79
33.44,-0.49
33.45,-1.77
33.46,-0.81
33.47,0.14
33.48,1.10
33.49,2.05
33.50,3.01
33.51,4.42
33.52,5.83
33.53,7.24
33.54,8.65
33.55,10.06
33.56,9.34
33.57,8.63
33.58,7.91
33.59,7.20
33.60,6.48
33.61,3.62
33.62,0.76
33.63,-2.11
33.64,-4.97
33.65,-7.83
33.66,-6.21
33.67,-4.60
33.68,-2.98
33.69,-1.37
33.70,0.25
33.71,0.26
33.72,0.27
33.73,0.27
33.74,0.28
33.75,0.29
33.76,0.84
33.77,1.39
33.78,1.94
33.79,2.49
33.80,3.04
33.81,4.70
33.82,6.35
33.83,8.01
33.84,9.66
33.85,11.32
33.86,8.34
33.87,5.35
33.88,2.37
33.89,-0.62
33.90,-3.60
33.91,-2.90
33.92,-2.21
33.93,-1.51
33.94,-0.82
33.95,-0.12
33.96,0.42
33.97,0.96
33.98,1.51
33.99,2.05
34.00,2.59
34.01,1.58
34.02,0.57
34.03,-0.44
34.04,-1.45
34.05,-2.46
34.06,-0.32
34.07,1.82
34.08,3.97
34.09,6.11
34.10,8.25
34.11,5.87
34.12,3.50
34.13,1.12
34.14,-1.25
34.15,-3.63
34.16,-1.59
34.17,0.45
34.18,2.50
34.19,4.54
34.20,6.58
34.21,5.28
34.22,3.99
34.23,2.69
34.24,1.40
34.25,0.10
34.26,-4.03
34.27,-8.15
34.28,-12.28
34.29,-16.40
34.30,-20.53
34.31,-14.76
34.32,-8.99
34.33,-3.21
34.34,2.56
34.35,8.33
34.36,7.91
34.37,7.49
34.38,7.06
34.39,6.64
34.40,6.22
34.41,2.73
34.42,-0.76
34.43,-4.26
34.44,-7.75
34.45,-11.24
34.46,-9.67
34.47,-8.09
34.48,-6.52
34.49,-4.94
34.50,-3.37
34.51,-1.22
34.52,0.94
34.53,3.09
34.54,5.25
34.55,7.40
34.56,5.57
34.57,3.75
34.58,1.92
34.59,0.10
34.60,-1.73
34.61,-2.71
34.62,-3.69
34.63,-4.66
34.64,-5.64
34.65,-6.62
34.66,-4.28
34.67,-1.94
34.68,0.41
34.69,2.75
34.70,5.09
34.71,4.20
34.72,3.30
34.73,2.41
34.74,1.51
34.75,0.62
34.76,1.48
34.77,2.34
34.78,3.21
34.79,4.07
34.80,4.93
34.81,6.30
34.82,7.67
34.83,9.04
34.84,10.41
34.85,11.78
34.86,8.05
34.87,4.32
34.88,0.60
34.89,-3.13
34.90,-6.86
34.91,-8.76
34.92,-10.66
34.93,-12.56
34.94,-14.46
34.95,-16.36
34.96,-13.92
34.97,-11.48
34.98,-9.05
34.99,-6.61
35.00,-4.17
35.01,-0.84
35.02,2.49
35.03,5.82
35.04,9.15
35.05,12.48
35.06,10.11
35.07,7.74
35.08,5.38
35.09,3.01
35.10,0.64
35.11,-2.15
35.12,-4.93
35.13,-7.72
35.14,-10.50
35.15,-13.29
35.16,-11.02
35.17,-8.75
35.18,-6.49
35.19,-4.22
35.20,-1.95
35.21,-1.22
35.22,-0.49
35.23,0.24
35.24,0.97
35.25,1.70
35.26,1.50
35.27,1.29
35.28,1.09
35.29,0.88
35.30,0.68
35.31,0.60
35.32,0.52
35.33,0.44
35.34,0.36
35.35,0.28
35.36,-1.90
35.37,-4.08
35.38,-6.25
35.39,-8.43
35.40,-10.61
35.41,-7.45
35.42,-4.29
35.43,-1.13
35.44,2.03
35.45,5.19
35.46,6.49
35.47,7.80
35.48,9.10
35.49,10.41
35.50,11.71
35.51,7.73
35.52,3.75
35.53,-0.24
35.54,-4.22
35.55,-8.20
35.56,-6.88
35.57,-5.56
35.58,-4.23
35.59,-2.91
35.60,-1.59
35.61,-1.28
35.62,-0.97
35.63,-0.67
35.64,-0.36
35.65,-0.05
35.66,-1.30
35.67,-2.55
35.68,-3.81
35.69,-5.06
35.70,-6.31
35.71,-4.24
35.72,-2.16
35.73,-0.09
35.74,1.99
35.75,4.06
35.76,4.51
35.77,4.96
35.78,5.41
35.79,5.86
35.80,6.31
35.81,3.60
35.82,0.89
35.83,-1.83
35.84,-4.54
35.85,-7.25
35.86,-5.63
35.87,-4.02
35.88,-2.40
35.89,-0.79
35.90,0.83
35.91,0.14
35.92,-0.56
35.93,-1.25
35.94,-1.95
35.95,-2.64
35.96,-0.61
35.97,1.42
35.98,3.45
35.99,5.48
36.00,7.51
36.01,5.61
36.02,3.71
36.03,1.80
36.04,-0.10
36.05,-2.00
36.06,-1.48
36.07,-0.97
36.08,-0.45
36.09,0.06
36.10,0.58
36.11,3.07
36.12,5.56
36.13,8.04
36.14,10.53
36.15,13.02
36.16,6.23
36.17,-0.56
36.18,-7.34
36.19,-14.13
36.20,-20.92
36.21,-13.92
36.22,-6.92
36.23,0.07
36.24,7.07
36.25,14.07
36.26,14.64
36.27,15.22
36.28,15.79
36.29,16.37
36.30,16.94
36.31,10.39
36.32,3.85
36.33,-2.70
36.34,-9.24
36.35,-15.79
36.36,-11.94
36.37,-8.09
36.38,-4.25
36.39,-0.40
36.40,3.45
36.41,5.77
36.42,8.10
36.43,10.42
36.44,12.75
36.45,15.07
36.46,10.89
36.47,6.72
36.48,2.54
36.49,-1.63
36.50,-5.81
36.51,-5.19
36.52,-4.57
36.53,-3.94
36.54,-3.32
36.55,-2.70
36.56,-3.61
36.57,-4.52
36.58,-5.42
36.59,-6.33
36.60,-7.24
36.61,-4.61
36.62,-1.98
36.63,0.65
36.64,3.28
36.65,5.91
36.66,6.48
36.67,7.05
36.68,7.61
36.69,8.18
36.70,8.75
36.71,6.47
36.72,4.19
36.73,1.91
36.74,-0.37
36.75,-2.65
36.76,-1.68
36.77,-0.71
36.78,0.27
36.79,1.24
36.80,2.21
36.81,-0.69
36.82,-3.59
36.83,-6.49
36.84,-9.39
36.85,-12.29
36.86,-8.43
36.87,-4.56
36.88,-0.70
36.89,3.17
36.90,7.03
36.91,6.27
36.92,5.50
36.93,4.74
36.94,3.97
36.95,3.21
36.96,0.09
36.97,-3.03
36.98,-6.16
36.99,-9.28
37.00,-12.40
37.01,-11.12
37.02,-9.84
37.03,-8.56
37.04,-7.28
37.05,-6.00
37.06,-4.42
37.07,-2.84
37.08,-1.25
37.09,0.33
37.10,1.91
37.11,1.39
37.12,0.86
37.13,0.34
37.14,-0.19
37.15,-0.71
37.16,-0.90
37.17,-1.09
37.18,-1.29
37.19,-1.48
37.20,-1.67
37.21,-0.48
37.22,0.72
37.23,1.91
37.24,3.11
37.25,4.30
37.26,4.14
37.27,3.98
37.28,3.83
37.29,3.67
37.30,3.51
37.31,1.62
37.32,-0.27
37.33,-2.17
37.34,-4.06
37.35,-5.95
37.36,-7.14
37.37,-8.33
37.38,-9.53
37.39,-10.72
37.40,-11.91
37.41,-9.01
37.42,-6.12
37.43,-3.22
37.44,-0.33
37.45,2.57
37.46,4.02
37.47,5.47
37.48,6.91
37.49,8.36
37.50,9.81
37.51,7.95
37.52,6.08
37.53,4.22
37.54,2.35
37.55,0.49
37.56,-0.10
37.57,-0.69
37.58,-1.29
37.59,-1.88
37.60,-2.47
37.61,-2.26
37.62,-2.06
37.63,-1.85
37.64,-1.65
37.65,-1.44
37.66,-1.41
37.67,-1.37
37.68,-1.34
37.69,-1.30
37.70,-1.27
37.71,-0.86
37.72,-0.45
37.73,-0.03
37.74,0.38
37.75,0.79
37.76,1.51
37.77,2.22
37.78,2.94
37.79,3.65
37.80,4.37
37.81,4.13
37.82,3.89
37.83,3.64
37.84,3.40
37.85,3.16
37.86,2.61
37.87,2.06
37.88,1.50
37.89,0.95
37.90,0.40
37.91,-0.25
37.92,-0.89
37.93,-1.54
37.94,-2.18
37.95,-2.83
37.96,-2.39
37.97,-1.95
37.98,-1.52
37.99,-1.08
38.00,-0.64
38.01,0.13
38.02,0.90
38.03,1.66
38.04,2.43
38.05,3.20
38.06,1.41
38.07,-0.39
38.08,-2.18
38.09,-3.98
38.10,-5.77
38.11,-5.59
38.12,-5.41
38.13,-5.24
38.14,-5.06
38.15,-4.88
38.16,-2.46
38.17,-0.04
38.18,2.37
38.19,4.79
38.20,7.21
38.21,6.38
38.22,5.56
38.23,4.73
38.24,3.91
38.25,3.08
38.26,1.44
38.27,-0.20
38.28,-1.84
38.29,-3.48
38.30,-5.12
38.31,-3.78
38.32,-2.44
38.33,-1.09
38.34,0.25
38.35,1.59
38.36,2.25
38.37,2.90
38.38,3.56
38.39,4.21
38.40,4.87
38.41,4.32
38.42,3.77
38.43,3.21
38.44,2.66
38.45,2.11
38.46,1.71
38.47,1.31
38.48,0.92
38.49,0.52
38.50,0.12
38.51,0.69
38.52,1.27
38.53,1.84
38.54,2.42
38.55,2.99
38.56,2.19
38.57,1.38
38.58,0.58
38.59,-0.23
38.60,-1.03
38.61,-1.20
38.62,-1.37
38.63,-1.53
38.64,-1.70
38.65,-1.87
38.66,-0.55
38.67,0.78
38.68,2.10
38.69,3.43
38.70,4.75
38.71,3.43
38.72,2.10
38.73,0.78
38.74,-0.55
38.75,-1.87
38.76,-2.59
38.77,-3.30
38.78,-4.02
38.79,-4.73
38.80,-5.45
38.81,-3.81
38.82,-2.17
38.83,-0.53
38.84,1.11
38.85,2.75
38.86,2.98
38.87,3.20
38.88,3.43
38.89,3.65
38.90,3.88
38.91,2.51
38.92,1.14
38.93,-0.23
38.94,-1.60
38.95,-2.97
38.96,-2.50
38.97,-2.03
38.98,-1.55
38.99,-1.08
39.00,-0.61
39.01,-0.06
39.02,0.48
39.03,1.03
39.04,1.57
39.05,2.12
39.06,2.25
39.07,2.38
39.08,2.52
39.09,2.65
39.10,2.78
39.11,2.09
39.12,1.40
39.13,0.72
39.14,0.03
39.15,-0.66
39.16,-1.23
39.17,-1.81
39.18,-2.38
39.19,-2.96
39.20,-3.53
39.21,-1.89
39.22,-0.24
39.23,1.40
39.24,3.05
39.25,4.69
39.26,3.69
39.27,2.69
39.28,1.69
39.29,0.69
39.30,-0.31
39.31,-2.06
39.32,-3.81
39.33,-5.55
39.34,-7.30
39.35,-9.05
39.36,-8.36
39.37,-7.66
39.38,-6.97
39.39,-6.27
39.40,-5.58
39.41,-5.10
39.42,-4.61
39.43,-4.13
39.44,-3.64
39.45,-3.16
39.46,-1.42
39.47,0.32
39.48,2.07
39.49,3.81
39.50,5.55
39.51,5.08
39.52,4.61
39.53,4.13
39.54,3.66
39.55,3.19
39.56,0.57
39.57,-2.04
39.58,-4.66
39.59,-7.27
39.60,-9.89
39.61,-7.94
39.62,-6.00
39.63,-4.05
39.64,-2.11
39.65,-0.16
39.66,1.05
39.67,2.25
39.68,3.46
39.69,4.66
39.70,5.87
39.71,3.97
39.72,2.08
39.73,0.18
39.74,-1.71
39.75,-3.61
39.76,-2.47
39.77,-1.33
39.78,-0.18
39.79,0.96
39.80,2.10
39.81,2.41
39.82,2.72
39.83,3.02
39.84,3.33
39.85,3.64
39.86,2.69
39.87,1.74
39.88,0.80
39.89,-0.15
39.90,-1.10
39.91,-1.30
39.92,-1.49
39.93,-1.69
39.94,-1.88
39.95,-2.08
39.96,-2.29
39.97,-2.50
39.98,-2.70
39.99,-2.91
40.00,-3.12
40.01,-2.54
40.02,-1.96
40.03,-1.37
40.04,-0.79
40.05,-0.21
40.06,0.31
40.07,0.82
40.08,1.34
40.09,1.85
40.10,2.37
40.11,1.98
40.12,1.59
40.13,1.21
40.14,0.82
40.15,0.43
40.16,0.44
40.17,0.44
40.18,0.45
40.19,0.45
40.20,0.46
40.21,0.69
40.22,0.92
40.23,1.15
40.24,1.38
40.25,1.61
40.26,0.76
40.27,-0.10
40.28,-0.95
40.29,-1.81
40.30,-2.66
40.31,-2.38
40.32,-2.10
40.33,-1.81
40.34,-1.53
40.35,-1.25
40.36,-0.67
40.37,-0.09
40.38,0.48
40.39,1.06
40.40,1.64
40.41,2.03
40.42,2.42
40.43,2.80
40.44,3.19
40.45,3.58
40.46,2.62
40.47,1.66
40.48,0.71
40.49,-0.25
40.50,-1.21
40.51,-0.43
40.52,0.35
40.53,1.14
40.54,1.92
40.55,2.70
40.56,3.59
40.57,4.48
40.58,5.37
40.59,6.26
40.60,7.15
40.61,4.33
40.62,1.50
40.63,-1.32
40.64,-4.15
40.65,-6.97
40.66,-5.88
40.67,-4.80
40.68,-3.71
40.69,-2.63
40.70,-1.54
40.71,-0.23
40.72,1.07
40.73,2.38
40.74,3.68
40.75,4.99
40.76,4.52
40.77,4.04
40.78,3.57
40.79,3.09
40.80,2.62
40.81,3.51
40.82,4.40
40.83,5.30
40.84,6.19
40.85,7.08
40.86,5.41
40.87,3.74
40.88,2.06
40.89,0.39
40.90,-1.28
40.91,-2.28
40.92,-3.29
40.93,-4.29
40.94,-5.30
40.95,-6.30
40.96,-5.90
40.97,-5.50
40.98,-5.10
40.99,-4.70
41.00,-4.30
41.01,-2.58
41.02,-0.86
41.03,0.87
41.04,2.59
41.05,4.31
41.06,4.00
41.07,3.70
41.08,3.39
41.09,3.09
41.10,2.78
41.11,0.86
41.12,-1.06
41.13,-2.98
41.14,-4.90
41.15,-6.82
41.16,-5.34
41.17,-3.86
41.18,-2.39
41.19,-0.91
41.20,0.57
41.21,0.77
41.22,0.98
41.23,1.18
41.24,1.39
41.25,1.59
41.26,1.64
41.27,1.69
41.28,1.75
41.29,1.80
41.30,1.85
41.31,0.88
41.32,-0.10
41.33,-1.07
41.34,-2.05
41.35,-3.02
41.36,-2.76
41.37,-2.50
41.38,-2.23
41.39,-1.97
41.40,-1.71
41.41,-0.84
41.42,0.04
41.43,0.91
41.44,1.79
41.45,2.66
41.46,2.07
41.47,1.49
41.48,0.90
41.49,0.32
41.50,-0.27
41.51,-0.77
41.52,-1.27
41.53,-1.78
41.54,-2.28
41.55,-2.78
41.56,-3.27
41.57,-3.76
41.58,-4.26
41.59,-4.75
41.60,-5.24
41.61,-3.51
41.62,-1.78
41.63,-0.05
41.64,1.68
41.65,3.41
41.66,3.23
41.67,3.05
41.68,2.87
41.69,2.69
41.70,2.51
41.71,1.74
41.72,0.96
41.73,0.19
41.74,-0.59
41.75,-1.36
41.76,-1.58
41.77,-1.79
41.78,-2.01
41.79,-2.22
41.80,-2.44
41.81,-1.78
41.82,-1.12
41.83,-0.46
41.84,0.20
41.85,0.86
41.86,1.09
41.87,1.32
41.88,1.56
41.89,1.79
41.90,2.02
41.91,1.04
41.92,0.06
41.93,-0.92
41.94,-1.90
41.95,-2.88
41.96,-2.53
41.97,-2.19
41.98,-1.84
41.99,-1.50
42.00,-1.15
42.01,-0.34
42.02,0.47
42.03,1.27
42.04,2.08
42.05,2.89
42.06,2.36
42.07,1.83
42.08,1.30
42.09,0.77
42.10,0.24
42.11,-0.80
42.12,-1.84
42.13,-2.87
42.14,-3.91
42.15,-4.95
42.16,-4.53
42.17,-4.11
42.18,-3.68
42.19,-3.26
42.20,-2.84
42.21,-2.33
42.22,-1.82
42.23,-1.32
42.24,-0.81
42.25,-0.30
42.26,0.20
42.27,0.70
42.28,1.19
42.29,1.69
42.30,2.19
42.31,1.52
42.32,0.85
42.33,0.17
42.34,-0.50
42.35,-1.17
42.36,-1.43
42.37,-1.69
42.38,-1.94
42.39,-2.20
42.40,-2.46
42.41,-1.03
42.42,0.40
42.43,1.84
42.44,3.27
42.45,4.70
42.46,4.03
42.47,3.36
42.48,2.68
42.49,2.01
42.50,1.34
42.51,0.23
42.52,-0.88
42.53,-2.00
42.54,-3.11
42.55,-4.22
42.56,-2.76
42.57,-1.30
42.58,0.16
42.59,1.62
42.60,3.08
42.61,2.27
42.62,1.46
42.63,0.64
42.64,-0.17
42.65,-0.98
42.66,-2.04
42.67,-3.10
42.68,-4.16
42.69,-5.22
42.70,-6.28
42.71,-5.22
42.72,-4.16
42.73,-3.09
42.74,-2.03
42.75,-0.97
42.76,-0.76
42.77,-0.55
42.78,-0.33
42.79,-0.12
42.80,0.09
42.81,-0.48
42.82,-1.06
42.83,-1.63
42.84,-2.21
42.85,-2.78
42.86,-1.36
42.87,0.06
42.88,1.48
42.89,2.90
42.90,4.32
42.91,4.08
42.92,3.84
42.93,3.61
42.94,3.37
42.95,3.13
42.96,0.94
42.97,-1.25
42.98,-3.45
42.99,-5.64
43.00,-7.83
43.01,-4.40
43.02,-0.97
43.03,2.46
43.04,5.89
43.05,9.32
43.06,8.61
43.07,7.91
43.08,7.20
43.09,6.50
43.10,5.79
43.11,3.77
43.12,1.75
43.13,-0.28
43.14,-2.30
43.15,-4.32
43.16,-1.94
43.17,0.44
43.18,2.81
43.19,5.19
43.20,7.57
43.21,5.41
43.22,3.25
43.23,1.09
43.24,-1.07
43.25,-3.23
43.26,-2.97
43.27,-2.70
43.28,-2.44
43.29,-2.17
43.30,-1.91
43.31,0.48
43.32,2.87
43.33,5.26
43.34,7.65
43.35,10.04
43.36,7.72
43.37,5.40
43.38,3.07
43.39,0.75
43.40,-1.57
43.41,-1.34
43.42,-1.10
43.43,-0.87
43.44,-0.63
43.45,-0.40
43.46,0.28
43.47,0.96
43.48,1.63
43.49,2.31
43.50,2.99
43.51,2.06
43.52,1.13
43.53,0.20
43.54,-0.73
43.55,-1.66
43.56,-1.30
43.57,-0.94
43.58,-0.58
43.59,-0.22
43.60,0.14
43.61,0.17
43.62,0.20
43.63,0.23
43.64,0.26
43.65,0.29
43.66,0.14
43.67,-0.01
43.68,-0.17
43.69,-0.32
43.70,-0.47
43.71,-0.60
43.72,-0.72
43.73,-0.85
43.74,-0.97
43.75,-1.10
43.76,-0.99
43.77,-0.88
43.78,-0.77
43.79,-0.66
43.80,-0.55
43.81,-0.20
43.82,0.15
43.83,0.49
43.84,0.84
43.85,1.19
43.86,1.08
43.87,0.97
43.88,0.85
43.89,0.74
43.90,0.63
43.91,0.29
43.92,-0.05
43.93,-0.38
43.94,-0.72
43.95,-1.06
43.96,-0.52
43.97,0.02
43.98,0.56
43.99,1.10
44.00,1.64
44.01,0.70
44.02,-0.24
44.03,-1.19
44.04,-2.13
44.05,-3.07
44.06,-2.84
44.07,-2.61
44.08,-2.38
44.09,-2.15
44.10,-1.92
44.11,-0.39
44.12,1.15
44.13,2.68
44.14,4.22
44.15,5.75
44.16,3.92
44.17,2.09
44.18,0.27
44.19,-1.56
44.20,-3.39
44.21,-3.89
44.22,-4.39
44.23,-4.89
44.24,-5.39
44.25,-5.89
44.26,-3.87
44.27,-1.85
44.28,0.18
44.29,2.20
44.30,4.22
44.31,3.42
44.32,2.62
44.33,1.81
44.34,1.01
44.35,0.21
44.36,-0.20
44.37,-0.60
44.38,-1.01
44.39,-1.41
44.40,-1.82
44.41,-1.47
44.42,-1.12
44.43,-0.78
44.44,-0.43
44.45,-0.08
44.46,-0.21
44.47,-0.34
44.48,-0.48
44.49,-0.61
44.50,-0.74
44.51,-0.51
44.52,-0.29
44.53,-0.06
44.54,0.16
44.55,0.39
44.56,-0.23
44.57,-0.85
44.58,-1.48
44.59,-2.10
44.60,-2.72
44.61,-1.79
44.62,-0.87
44.63,0.06
44.64,0.98
44.65,1.91
44.66,1.88
44.67,1.85
44.68,1.81
44.69,1.78
44.70,1.75
44.71,1.11
44.72,0.48
44.73,-0.16
44.74,-0.79
44.75,-1.43
44.76,-1.29
44.77,-1.16
44.78,-1.02
44.79,-0.89
44.80,-0.75
44.81,-0.56
44.82,-0.37
44.83,-0.18
44.84,0.01
44.85,0.20
44.86,1.00
44.87,1.79
44.88,2.59
44.89,3.38
44.90,4.18
44.91,3.66
44.92,3.14
44.93,2.61
44.94,2.09
44.95,1.57
44.96,0.48
44.97,-0.61
44.98,-1.70
44.99,-2.79
45.00,-3.88
45.01,-2.47
45.02,-1.06
45.03,0.36
45.04,1.77
45.05,3.18
45.06,2.80
45.07,2.41
45.08,2.03
45.09,1.64
45.10,1.26
45.11,0.25
45.12,-0.77
45.13,-1.78
45.14,-2.80
45.15,-3.81
45.16,-3.37
45.17,-2.92
45.18,-2.48
45.19,-2.03
45.20,-1.59
45.21,-1.44
45.22,-1.28
45.23,-1.13
45.24,-0.97
45.25,-0.82
45.26,0.47
45.27,1.76
45.28,3.04
45.29,4.33
45.30,5.62
45.31,5.61
45.32,5.60
45.33,5.60
45.34,5.59
45.35,5.58
45.36,3.39
45.37,1.20
45.38,-0.99
45.39,-3.18
45.40,-5.37
45.41,-6.07
45.42,-6.76
45.43,-7.46
45.44,-8.15
45.45,-8.85
45.46,-6.03
45.47,-3.21
45.48,-0.39
45.49,2.43
45.50,5.25
45.51,3.88
45.52,2.52
45.53,1.15
45.54,-0.21
45.55,-1.58
45.56,-2.85
45.57,-4.11
45.58,-5.38
45.59,-6.64
45.60,-7.91
45.61,-5.39
45.62,-2.87
45.63,-0.36
45.64,2.16
45.65,4.68
45.66,4.13
45.67,3.58
45.68,3.03
45.69,2.48
45.70,1.93
45.71,0.06
45.72,-1.82
45.73,-3.69
45.74,-5.57
45.75,-7.44
45.76,-4.44
45.77,-1.43
45.78,1.57
45.79,4.58
45.80,7.58
45.81,7.12
45.82,6.66
45.83,6.19
45.84,5.73
45.85,5.27
45.86,3.24
45.87,1.20
45.88,-0.83
45.89,-2.87
45.90,-4.90
45.91,-3.62
45.92,-2.33
45.93,-1.05
45.94,0.24
45.95,1.52
45.96,2.64
45.97,3.76
45.98,4.89
45.99,6.01
46.00,7.13
46.01,6.10
46.02,5.07
46.03,4.03
46.04,3.00
46.05,1.97
46.06,-0.09
46.07,-2.16
46.08,-4.22
46.09,-6.29
46.10,-8.35
46.11,-6.27
46.12,-4.19
46.13,-2.12
46.14,-0.04
46.15,2.04
46.16,-0.48
46.17,-3.00
46.18,-5.53
46.19,-8.05
46.20,-10.57
46.21,-7.19
46.22,-3.82
46.23,-0.44
46.24,2.93
46.25,6.31
46.26,7.17
46.27,8.03
46.28,8.88
46.29,9.74
46.30,10.60
46.31,6.41
46.32,2.22
46.33,-1.97
46.34,-6.16
46.35,-10.35
46.36,-9.12
46.37,-7.89
46.38,-6.65
46.39,-5.42
46.40,-4.19
46.41,-2.69
46.42,-1.19
46.43,0.30
46.44,1.80
46.45,3.30
46.46,3.85
46.47,4.40
46.48,4.95
46.49,5.50
46.50,6.05
46.51,3.28
46.52,0.51
46.53,-2.27
46.54,-5.04
46.55,-7.81
46.56,-5.59
46.57,-3.36
46.58,-1.14
46.59,1.09
46.60,3.31
46.61,2.64
46.62,1.97
46.63,1.31
46.64,0.64
46.65,-0.03
46.66,-0.36
46.67,-0.69
46.68,-1.03
46.69,-1.36
46.70,-1.69
46.71,-0.17
46.72,1.35
46.73,2.88
46.74,4.40
46.75,5.92
46.76,3.21
46.77,0.50
46.78,-2.22
46.79,-4.93
46.80,-7.64
46.81,-5.65
46.82,-3.65
46.83,-1.66
46.84,0.34
46.85,2.33
46.86,2.22
46.87,2.12
46.88,2.01
46.89,1.91
46.90,1.80
46.91,-0.95
46.92,-3.70
46.93,-6.46
46.94,-9.21
46.95,-11.96
46.96,-7.36
46.97,-2.77
46.98,1.83
46.99,6.42
47.00,11.02
47.01,9.56
47.02,8.09
47.03,6.63
47.04,5.16
47.05,3.70
47.06,1.22
47.07,-1.26
47.08,-3.74
47.09,-6.22
47.10,-8.70
47.11,-7.36
47.12,-6.02
47.13,-4.67
47.14,-3.33
47.15,-1.99
47.16,-0.14
47.17,1.71
47.18,3.57
47.19,5.42
47.20,7.27
47.21,6.00
47.22,4.73
47.23,3.46
47.24,2.19
47.25,0.92
47.26,-1.32
47.27,-3.56
47.28,-5.79
47.29,-8.03
47.30,-10.27
47.31,-6.13
47.32,-1.98
47.33,2.16
47.34,6.31
47.35,10.45
47.36,6.73
47.37,3.01
47.38,-0.71
47.39,-4.43
47.40,-8.15
47.41,-7.11
47.42,-6.06
47.43,-5.02
47.44,-3.97
47.45,-2.93
47.46,-0.59
47.47,1.75
47.48,4.10
47.49,6.44
47.50,8.78
47.51,7.34
47.52,5.90
47.53,4.46
47.54,3.02
47.55,1.58
47.56,2.00
47.57,2.43
47.58,2.85
47.59,3.28
47.60,3.70
47.61,1.74
47.62,-0.22
47.63,-2.18
47.64,-4.14
47.65,-6.10
47.66,-3.71
47.67,-1.33
47.68,1.06
47.69,3.44
47.70,5.83
47.71,6.17
47.72,6.52
47.73,6.86
47.74,7.21
47.75,7.55
47.76,6.02
47.77,4.50
47.78,2.97
47.79,1.45
47.80,-0.08
47.81,-2.26
47.82,-4.43
47.83,-6.61
47.84,-8.78
47.85,-10.96
47.86,-6.29
47.87,-1.62
47.88,3.04
47.89,7.71
47.90,12.38
47.91,6.62
47.92,0.86
47.93,-4.91
47.94,-10.67
47.95,-16.43
47.96,-18.07
47.97,-19.70
47.98,-21.34
47.99,-22.97
48.00,-24.61
48.01,-14.85
48.02,-5.09
48.03,4.66
48.04,14.42
48.05,24.18
48.06,15.68
48.07,7.19
48.08,-1.31
48.09,-9.80
48.10,-18.30
48.11,-13.07
48.12,-7.84
48.13,-2.60
48.14,2.63
48.15,7.86
48.16,12.42
48.17,16.97
48.18,21.53
48.19,26.08
48.20,30.64
48.21,20.93
48.22,11.22
48.23,1.52
48.24,-8.19
48.25,-17.90
48.26,-15.31
48.27,-12.73
48.28,-10.14
48.29,-7.56
48.30,-4.97
48.31,-0.88
48.32,3.21
48.33,7.30
48.34,11.39
48.35,15.48
48.36,13.53
48.37,11.58
48.38,9.63
48.39,7.68
48.40,5.73
48.41,4.05
48.42,2.37
48.43,0.69
48.44,-0.99
48.45,-2.67
48.46,-4.45
48.47,-6.23
48.48,-8.01
48.49,-9.79
48.50,-11.57
48.51,-8.66
48.52,-5.74
48.53,-2.83
48.54,0.09
48.55,3.00
48.56,3.44
48.57,3.89
48.58,4.33
48.59,4.78
48.60,5.22
48.61,2.25
48.62,-0.73
48.63,-3.70
48.64,-6.68
48.65,-9.65
48.66,-10.08
48.67,-10.50
48.68,-10.93
48.69,-11.35
48.70,-11.78
48.71,-8.92
48.72,-6.06
48.73,-3.20
48.74,-0.34
48.75,2.52
48.76,5.46
48.77,8.41
48.78,11.35
48.79,14.30
48.80,17.24
48.81,14.05
48.82,10.87
48.83,7.68
48.84,4.50
48.85,1.31
48.86,1.25
48.87,1.19
48.88,1.12
48.89,1.06
48.90,1.00
48.91,1.97
48.92,2.94
48.93,3.91
48.94,4.88
48.95,5.85
48.96,3.53
48.97,1.21
48.98,-1.10
48.99,-3.42
49.00,-5.74
49.01,-5.19
49.02,-4.63
49.03,-4.08
49.04,-3.52
49.05,-2.97
49.06,0.76
49.07,4.49
49.08,8.23
49.09,11.96
49.10,15.69
49.11,13.12
49.12,10.54
49.13,7.97
49.14,5.39
49.15,2.82
49.16,-1.63
49.17,-6.09
49.18,-10.54
49.19,-15.00
49.20,-19.45
49.21,-15.58
49.22,-11.71
49.23,-7.83
49.24,-3.96
49.25,-0.09
49.26,0.16
49.27,0.41
49.28,0.66
49.29,0.91
49.30,1.16
49.31,-0.90
49.32,-2.97
49.33,-5.03
49.34,-7.10
49.35,-9.16
49.36,-6.27
49.37,-3.39
49.38,-0.50
49.39,2.38
49.40,5.27
49.41,4.73
49.42,4.18
49.43,3.64
49.44,3.09
49.45,2.55
49.46,0.79
49.47,-0.97
49.48,-2.72
49.49,-4.48
49.50,-6.24
49.51,-3.97
49.52,-1.70
49.53,0.57
49.54,2.84
49.55,5.11
49.56,4.55
49.57,3.98
49.58,3.42
49.59,2.85
49.60,2.29
49.61,1.77
49.62,1.24
49.63,0.72
49.64,0.19
49.65,-0.33
49.66,0.02
49.67,0.37
49.68,0.73
49.69,1.08
49.70,1.43
49.71,0.58
49.72,-0.26
49.73,-1.11
49.74,-1.95
49.75,-2.80
49.76,-3.17
49.77,-3.54
49.78,-3.90
49.79,-4.27
49.80,-4.64
49.81,-4.28
49.82,-3.93
49.83,-3.57
49.84,-3.22
49.85,-2.86
49.86,-0.49
49.87,1.88
49.88,4.26
49.89,6.63
49.90,9.00
49.91,6.49
49.92,3.98
49.93,1.48
49.94,-1.03
49.95,-3.54
49.96,-4.67
49.97,-5.79
49.98,-6.92
49.99,-8.04
50.00,-9.17
50.01,-6.10
50.02,-3.04
50.03,0.03
50.04,3.09
50.05,6.16
50.06,5.11
50.07,4.06
50.08,3.00
50.09,1.95
50.10,0.90
50.11,0.22
50.12,-0.46
50.13,-1.14
50.14,-1.82
50.15,-2.50
50.16,-2.84
50.17,-3.18
50.18,-3.53
50.19,-3.87
50.20,-4.21
50.21,-3.81
50.22,-3.41
50.23,-3.02
50.24,-2.62
50.25,-2.22
50.26,-0.14
50.27,1.94
50.28,4.03
50.29,6.11
50.30,8.19
50.31,6.75
50.32,5.31
50.33,3.87
50.34,2.43
50.35,0.99
50.36,0.03
50.37,-0.93
50.38,-1.90
50.39,-2.86
50.40,-3.82
50.41,-3.76
50.42,-3.69
50.43,-3.63
50.44,-3.56
50.45,-3.50
50.46,-3.09
50.47,-2.68
50.48,-2.28
50.49,-1.87
50.50,-1.46
50.51,-0.34
50.52,0.79
50.53,1.91
50.54,3.04
50.55,4.16
50.56,3.95
50.57,3.74
50.58,3.54
50.59,3.33
50.60,3.12
50.61,2.45
50.62,1.79
50.63,1.12
50.64,0.46
50.65,-0.21
50.66,-1.11
50.67,-2.00
50.68,-2.90
50.69,-3.79
50.70,-4.69
50.71,-4.19
50.72,-3.70
50.73,-3.20
50.74,-2.71
50.75,-2.21
50.76,0.00
50.77,2.21
50.78,4.43
50.79,6.64
50.80,8.85
50.81,7.88
50.82,6.91
50.83,5.93
50.84,4.96
50.85,3.99
50.86,1.80
50.87,-0.39
50.88,-2.57
50.89,-4.76
50.90,-6.95
50.91,-5.27
50.92,-3.59
50.93,-1.91
50.94,-0.23
50.95,1.45
50.96,1.16
50.97,0.87
50.98,0.57
50.99,0.28
51.00,-0.01
51.01,-0.33
51.02,-0.65
51.03,-0.98
51.04,-1.30
51.05,-1.62
51.06,-0.99
51.07,-0.36
51.08,0.26
51.09,0.89
51.10,1.52
51.11,1.09
51.12,0.65
51.13,0.22
51.14,-0.22
51.15,-0.65
51.16,-0.25
51.17,0.14
51.18,0.54
51.19,0.93
51.20,1.33
51.21,2.17
51.22,3.01
51.23,3.86
51.24,4.70
51.25,5.54
51.26,4.34
51.27,3.15
51.28,1.95
51.29,0.76
51.30,-0.44
51.31,-1.08
51.32,-1.71
51.33,-2.35
51.34,-2.98
51.35,-3.62
51.36,-1.67
51.37,0.28
51.38,2.24
51.39,4.19
51.40,6.14
51.41,4.33
51.42,2.51
51.43,0.70
51.44,-1.12
51.45,-2.93
51.46,-3.61
51.47,-4.29
51.48,-4.97
51.49,-5.65
51.50,-6.33
51.51,-4.51
51.52,-2.68
51.53,-0.86
51.54,0.97
51.55,2.79
51.56,3.01
51.57,3.23
51.58,3.45
51.59,3.67
51.60,3.89
51.61,2.60
51.62,1.32
51.63,0.03
51.64,-1.25
51.65,-2.54
51.66,-3.82
51.67,-5.09
51.68,-6.37
51.69,-7.64
51.70,-8.92
51.71,-6.71
51.72,-4.50
51.73,-2.28
51.74,-0.07
51.75,2.14
51.76,3.19
51.77,4.24
51.78,5.29
51.79,6.34
51.80,7.39
51.81,4.55
51.82,1.70
51.83,-1.14
51.84,-3.99
51.85,-6.83
51.86,-6.27
51.87,-5.70
51.88,-5.14
51.89,-4.57
51.90,-4.01
51.91,-1.97
51.92,0.06
51.93,2.10
51.94,4.13
51.95,6.17
51.96,4.89
51.97,3.60
51.98,2.32
51.99,1.03
52.00,-0.25
52.01,-1.20
52.02,-2.15
52.03,-3.09
52.04,-4.04
52.05,-4.99
52.06,-3.95
52.07,-2.92
52.08,-1.88
52.09,-0.85
52.10,0.19
52.11,0.62
52.12,1.05
52.13,1.49
52.14,1.92
52.15,2.35
52.16,1.58
52.17,0.80
52.18,0.03
52.19,-0.75
52.20,-1.52
52.21,-1.63
52.22,-1.74
52.23,-1.86
52.24,-1.97
52.25,-2.08
52.26,-1.22
52.27,-0.36
52.28,0.49
52.29,1.35
52.30,2.21
52.31,2.69
52.32,3.16
52.33,3.64
52.34,4.11
52.35,4.59
52.36,2.52
52.37,0.46
52.38,-1.61
52.39,-3.67
52.40,-5.74
52.41,-5.30
52.42,-4.87
52.43,-4.43
52.44,-4.00
52.45,-3.56
52.46,-1.73
52.47,0.10
52.48,1.94
52.49,3.77
52.50,5.60
52.51,4.96
52.52,4.33
52.53,3.69
52.54,3.06
52.55,2.42
52.56,1.72
52.57,1.02
52.58,0.33
52.59,-0.37
52.60,-1.07
52.61,-1.81
52.62,-2.55
52.63,-3.28
52.64,-4.02
52.65,-4.76
52.66,-3.37
52.67,-1.97
52.68,-0.58
52.69,0.82
52.70,2.21
52.71,2.07
52.72,1.93
52.73,1.80
52.74,1.66
52.75,1.52
52.76,0.82
52.77,0.13
52.78,-0.57
52.79,-1.26
52.80,-1.96
52.81,-1.20
52.82,-0.44
52.83,0.33
52.84,1.09
52.85,1.85
52.86,2.14
52.87,2.42
52.88,2.71
52.89,2.99
52.90,3.28
52.91,1.81
52.92,0.34
52.93,-1.13
52.94,-2.60
52.95,-4.07
52.96,-4.10
52.97,-4.12
52.98,-4.15
52.99,-4.17
53.00,-4.20
53.01,-2.16
53.02,-0.13
53.03,1.91
53.04,3.94
53.05,5.98
53.06,4.74
53.07,3.49
53.08,2.25
53.09,1.00
53.10,-0.24
53.11,-1.27
53.12,-2.31
53.13,-3.34
53.14,-4.38
53.15,-5.41
53.16,-4.01
53.17,-2.62
53.18,-1.22
53.19,0.17
53.20,1.57
53.21,2.11
53.22,2.64
53.23,3.18
53.24,3.71
53.25,4.25
53.26,3.61
53.27,2.98
53.28,2.34
53.29,1.71
53.30,1.07
53.31,0.31
53.32,-0.45
53.33,-1.22
53.34,-1.98
53.35,-2.74
53.36,-2.52
53.37,-2.30
53.38,-2.07
53.39,-1.85
53.40,-1.63
53.41,-0.14
53.42,1.36
53.43,2.85
53.44,4.35
53.45,5.84
53.46,4.38
53.47,2.92
53.48,1.47
53.49,0.01
53.50,-1.45
53.51,-2.70
53.52,-3.96
53.53,-5.21
53.54,-6.47
53.55,-7.72
53.56,-5.23
53.57,-2.74
53.58,-0.24
53.59,2.25
53.60,4.74
53.61,4.52
53.62,4.30
53.63,4.07
53.64,3.85
53.65,3.63
53.66,2.04
53.67,0.45
53.68,-1.14
53.69,-2.73
53.70,-4.32
53.71,-3.09
53.72,-1.86
53.73,-0.63
53.74,0.60
53.75,1.83
53.76,2.40
53.77,2.96
53.78,3.53
53.79,4.09
53.80,4.66
53.81,4.18
53.82,3.70
53.83,3.22
53.84,2.74
53.85,2.26
53.86,1.21
53.87,0.17
53.88,-0.88
53.89,-1.92
53.90,-2.97
53.91,-2.08
53.92,-1.19
53.93,-0.31
53.94,0.58
53.95,1.47
53.96,2.41
53.97,3.35
53.98,4.30
53.99,5.24
54.00,6.18
54.01,4.92
54.02,3.66
54.03,2.39
54.04,1.13
54.05,-0.13
54.06,-0.63
54.07,-1.13
54.08,-1.62
54.09,-2.12
54.10,-2.62
54.11,-2.75
54.12,-2.87
54.13,-3.00
54.14,-3.12
54.15,-3.25
54.16,-2.33
54.17,-1.40
54.18,-0.48
54.19,0.45
54.20,1.37
54.21,1.89
54.22,2.41
54.23,2.94
54.24,3.46
54.25,3.98
54.26,2.28
54.27,0.59
54.28,-1.11
54.29,-2.80
54.30,-4.50
54.31,-4.29
54.32,-4.09
54.33,-3.88
54.34,-3.68
54.35,-3.47
54.36,-2.37
54.37,-1.26
54.38,-0.16
54.39,0.95
54.40,2.05
54.41,1.95
54.42,1.84
54.43,1.74
54.44,1.63
54.45,1.53
54.46,1.29
54.47,1.05
54.48,0.80
54.49,0.56
54.50,0.32
54.51,0.31
54.52,0.30
54.53,0.28
54.54,0.27
54.55,0.26
54.56,0.07
54.57,-0.11
54.58,-0.30
54.59,-0.48
54.60,-0.67
54.61,-0.49
54.62,-0.31
54.63,-0.14
54.64,0.04
54.65,0.22
54.66,-0.17
54.67,-0.56
54.68,-0.96
54.69,-1.35
54.70,-1.74
54.71,-2.15
54.72,-2.55
54.73,-2.96
54.74,-3.36
54.75,-3.77
54.76,-2.63
54.77,-1.48
54.78,-0.34
54.79,0.81
54.80,1.95
54.81,1.95
54.82,1.95
54.83,1.96
54.84,1.96
54.85,1.96
54.86,1.13
54.87,0.29
54.88,-0.54
54.89,-1.38
54.90,-2.21
54.91,-1.56
54.92,-0.91
54.93,-0.26
54.94,0.39
54.95,1.04
54.96,2.00
54.97,2.96
54.98,3.92
54.99,4.88
55.00,5.84
55.01,4.38
55.02,2.92
55.03,1.45
55.04,-0.01
55.05,-1.47
55.06,-1.79
55.07,-2.12
55.08,-2.44
55.09,-2.77
55.10,-3.09
55.11,-1.83
55.12,-0.58
55.13,0.68
55.14,1.93
55.15,3.19
55.16,2.58
55.17,1.97
55.18,1.37
55.19,0.76
55.20,0.15
55.21,-0.61
55.22,-1.36
55.23,-2.12
55.24,-2.87
55.25,-3.63
55.26,-2.70
55.27,-1.76
55.28,-0.83
55.29,0.11
55.30,1.04
55.31,0.31
55.32,-0.43
55.33,-1.16
55.34,-1.90
55.35,-2.63
55.36,-2.48
55.37,-2.33
55.38,-2.18
55.39,-2.03
55.40,-1.88
55.41,-1.36
55.42,-0.84
55.43,-0.32
55.44,0.20
55.45,0.72
55.46,0.87
55.47,1.02
55.48,1.18
55.49,1.33
55.50,1.48
55.51,1.93
55.52,2.37
55.53,2.82
55.54,3.26
55.55,3.71
55.56,2.58
55.57,1.45
55.58,0.33
55.59,-0.80
55.60,-1.93
55.61,-1.60
55.62,-1.27
55.63,-0.94
55.64,-0.61
55.65,-0.28
55.66,-0.20
55.67,-0.13
55.68,-0.05
55.69,0.02
55.70,0.10
55.71,0.19
55.72,0.28
55.73,0.37
55.74,0.46
55.75,0.55
55.76,0.61
55.77,0.66
55.78,0.72
55.79,0.77
55.80,0.83
55.81,0.27
55.82,-0.30
55.83,-0.86
55.84,-1.43
55.85,-1.99
55.86,-1.98
55.87,-1.97
55.88,-1.97
55.89,-1.96
55.90,-1.95
55.91,-1.56
55.92,-1.18
55.93,-0.79
55.94,-0.41
55.95,-0.02
55.96,0.44
55.97,0.90
55.98,1.35
55.99,1.81
56.00,2.27
56.01,1.89
56.02,1.51
56.03,1.13
56.04,0.75
56.05,0.37
56.06,-0.62
56.07,-1.61
56.08,-2.60
56.09,-3.59
56.10,-4.58
56.11,-3.10
56.12,-1.62
56.13,-0.15
56.14,1.33
56.15,2.81
56.16,2.55
56.17,2.29
56.18,2.03
56.19,1.77
56.20,1.51
56.21,0.35
56.22,-0.80
56.23,-1.96
56.24,-3.11
56.25,-4.27
56.26,-2.91
56.27,-1.54
56.28,-0.18
56.29,1.19
56.30,2.55
56.31,2.68
56.32,2.81
56.33,2.94
56.34,3.07
56.35,3.20
56.36,1.92
56.37,0.63
56.38,-0.65
56.39,-1.94
56.40,-3.22
56.41,-2.39
56.42,-1.56
56.43,-0.72
56.44,0.11
56.45,0.94
56.46,1.09
56.47,1.23
56.48,1.38
56.49,1.52
56.50,1.67
56.51,1.26
56.52,0.85
56.53,0.43
56.54,0.02
56.55,-0.39
56.56,1.39
56.57,3.17
56.58,4.96
56.59,6.74
56.60,8.52
56.61,5.21
56.62,1.90
56.63,-1.41
56.64,-4.72
56.65,-8.03
56.66,-7.03
56.67,-6.04
56.68,-5.04
56.69,-4.05
56.70,-3.05
56.71,-1.08
56.72,0.90
56.73,2.87
56.74,4.85
56.75,6.82
56.76,3.68
56.77,0.54
56.78,-2.59
56.79,-5.73
56.80,-8.87
56.81,-7.22
56.82,-5.57
56.83,-3.92
56.84,-2.27
56.85,-0.62
56.86,0.96
56.87,2.54
56.88,4.12
56.89,5.70
56.90,7.28
56.91,4.19
56.92,1.10
56.93,-2.00
56.94,-5.09
56.95,-8.18
56.96,-7.47
56.97,-6.76
56.98,-6.05
56.99,-5.34
57.00,-4.63
57.01,-2.36
57.02,-0.08
57.03,2.19
57.04,4.47
57.05,6.74
57.06,4.84
57.07,2.95
57.08,1.05
57.09,-0.84
57.10,-2.74
57.11,-3.35
57.12,-3.96
57.13,-4.58
57.14,-5.19
57.15,-5.80
57.16,-3.80
57.17,-1.79
57.18,0.21
57.19,2.22
57.20,4.22
57.21,3.70
57.22,3.18
57.23,2.65
57.24,2.13
57.25,1.61
57.26,1.09
57.27,0.57
57.28,0.06
57.29,-0.46
57.30,-0.98
57.31,-0.47
57.32,0.04
57.33,0.55
57.34,1.06
57.35,1.57
57.36,1.07
57.37,0.57
57.38,0.06
57.39,-0.44
57.40,-0.94
57.41,-0.50
57.42,-0.06
57.43,0.38
57.44,0.82
57.45,1.26
57.46,0.82
57.47,0.39
57.48,-0.05
57.49,-0.48
57.50,-0.92
57.51,-0.77
57.52,-0.61
57.53,-0.46
57.54,-0.30
57.55,-0.15
57.56,-0.29
57.57,-0.42
57.58,-0.56
57.59,-0.69
57.60,-0.83
57.61,-0.31
57.62,0.20
57.63,0.72
57.64,1.23
57.65,1.75
57.66,1.30
57.67,0.85
57.68,0.39
57.69,-0.06
57.70,-0.51
57.71,-0.72
57.72,-0.94
57.73,-1.15
57.74,-1.37
57.75,-1.58
57.76,-1.04
57.77,-0.50
57.78,0.04
57.79,0.58
57.80,1.12
57.81,0.56
57.82,0.01
57.83,-0.55
57.84,-1.10
57.85,-1.66
57.86,-1.49
57.87,-1.32
57.88,-1.15
57.89,-0.98
57.90,-0.81
57.91,-0.21
57.92,0.39
57.93,0.99
57.94,1.59
57.95,2.19
57.96,2.32
57.97,2.46
57.98,2.59
57.99,2.73
58.00,2.86
58.01,2.24
58.02,1.61
58.03,0.99
58.04,0.36
58.05,-0.26
58.06,0.06
58.07,0.38
58.08,0.71
58.09,1.03
58.10,1.35
58.11,1.16
58.12,0.97
58.13,0.79
58.14,0.60
58.15,0.41
58.16,0.48
58.17,0.55
58.18,0.61
58.19,0.68
58.20,0.75
58.21,0.79
58.22,0.84
58.23,0.88
58.24,0.93
58.25,0.97
58.26,0.68
58.27,0.38
58.28,0.09
58.29,-0.21
58.30,-0.50
58.31,-0.48
58.32,-0.45
58.33,-0.43
58.34,-0.40
58.35,-0.38
58.36,-0.18
58.37,0.01
58.38,0.21
58.39,0.40
58.40,0.60
58.41,0.29
58.42,-0.02
58.43,-0.34
58.44,-0.65
58.45,-0.96
58.46,-1.25
58.47,-1.54
58.48,-1.82
58.49,-2.11
58.50,-2.40
58.51,-1.72
58.52,-1.05
58.53,-0.37
58.54,0.30
58.55,0.98
58.56,0.95
58.57,0.92
58.58,0.88
58.59,0.85
58.60,0.82
58.61,0.70
58.62,0.57
58.63,0.45
58.64,0.32
58.65,0.20
58.66,0.05
58.67,-0.11
58.68,-0.26
58.69,-0.42
58.70,-0.57
58.71,-0.05
58.72,0.46
58.73,0.98
58.74,1.49
58.75,2.01
58.76,2.14
58.77,2.28
58.78,2.41
58.79,2.55
58.80,2.68
58.81,2.07
58.82,1.45
58.83,0.84
58.84,0.22
58.85,-0.39
58.86,-0.73
58.87,-1.07
58.88,-1.40
58.89,-1.74
58.90,-2.08
58.91,-1.36
58.92,-0.64
58.93,0.08
58.94,0.80
58.95,1.52
58.96,1.07
58.97,0.62
58.98,0.17
58.99,-0.28
59.00,-0.73
59.01,-0.92
59.02,-1.12
59.03,-1.31
59.04,-1.51
59.05,-1.70
59.06,-0.68
59.07,0.35
59.08,1.37
59.09,2.40
59.10,3.42
59.11,2.47
59.12,1.51
59.13,0.56
59.14,-0.40
59.15,-1.35
59.16,-1.36
59.17,-1.38
59.18,-1.39
59.19,-1.41
59.20,-1.42
59.21,-0.84
59.22,-0.26
59.23,0.32
59.24,0.90
59.25,1.48
59.26,0.72
59.27,-0.04
59.28,-0.80
59.29,-1.56
59.30,-2.32
59.31,-1.44
59.32,-0.56
59.33,0.33
59.34,1.21
59.35,2.09
59.36,2.21
59.37,2.33
59.38,2.45
59.39,2.57
59.40,2.69
59.41,1.13
59.42,-0.44
59.43,-2.00
59.44,-3.57
59.45,-5.13
59.46,-3.91
59.47,-2.69
59.48,-1.47
59.49,-0.25
59.50,0.97
59.51,1.52
59.52,2.07
59.53,2.61
59.54,3.16
59.55,3.71
59.56,2.47
59.57,1.23
59.58,-0.00
59.59,-1.24
59.60,-2.48
59.61,-1.65
59.62,-0.82
59.63,0.01
59.64,0.84
59.65,1.67
59.66,1.47
59.67,1.27
59.68,1.06
59.69,0.86
59.70,0.66
59.71,-0.63
59.72,-1.92
59.73,-3.20
59.74,-4.49
59.75,-5.78
59.76,-3.64
59.77,-1.50
59.78,0.63
59.79,2.77
59.80,4.91
59.81,5.44
59.82,5.97
59.83,6.51
59.84,7.04
59.85,7.57
59.86,4.53
59.87,1.49
59.88,-1.55
59.89,-4.59
59.90,-7.63
59.91,-7.87
59.92,-8.11
59.93,-8.34
59.94,-8.58
59.95,-8.82
59.96,-6.58
59.97,-4.34
59.98,-2.09
59.99,0.15
60.00,2.39
60.01,2.62
60.02,2.84
60.03,3.07
60.04,3.29
60.05,3.52
60.06,3.58
60.07,3.64
60.08,3.69
60.09,3.75
60.10,3.81
60.11,2.89
60.12,1.98
60.13,1.06
60.14,0.15
60.15,-0.77
60.16,-2.12
60.17,-3.48
60.18,-4.83
60.19,-6.19
60.20,-7.54
60.21,-7.49
60.22,-7.44
60.23,-7.38
60.24,-7.33
60.25,-7.28
60.26,-4.97
60.27,-2.65
60.28,-0.34
60.29,1.98
60.30,4.29
60.31,5.84
60.32,7.39
60.33,8.95
60.34,10.50
60.35,12.05
60.36,7.71
60.37,3.38
60.38,-0.96
60.39,-5.29
60.40,-9.63
60.41,-8.29
60.42,-6.94
60.43,-5.60
60.44,-4.25
60.45,-2.91
60.46,-1.00
60.47,0.92
60.48,2.83
60.49,4.75
60.50,6.66
60.51,4.46
60.52,2.25
60.53,0.05
60.54,-2.16
60.55,-4.36
60.56,-3.43
60.57,-2.50
60.58,-1.57
60.59,-0.64
60.60,0.29
60.61,0.27
60.62,0.24
60.63,0.22
60.64,0.19
60.65,0.17
60.66,1.20
60.67,2.23
60.68,3.26
60.69,4.29
60.70,5.32
60.71,4.36
60.72,3.40
60.73,2.45
60.74,1.49
60.75,0.53
60.76,-0.37
60.77,-1.27
60.78,-2.16
60.79,-3.06
60.80,-3.96
60.81,-3.05
60.82,-2.14
60.83,-1.22
60.84,-0.31
60.85,0.60
60.86,0.84
60.87,1.09
60.88,1.33
60.89,1.58
60.90,1.82
60.91,1.41
60.92,0.99
60.93,0.58
60.94,0.16
60.95,-0.25
60.96,-1.44
60.97,-2.63
60.98,-3.81
60.99,-5.00
61.00,-6.19
61.01,-4.19
61.02,-2.20
61.03,-0.20
61.04,1.79
61.05,3.79
61.06,3.37
61.07,2.95
61.08,2.52
61.09,2.10
61.10,1.68
61.11,0.79
61.12,-0.11
61.13,-1.00
61.14,-1.90
61.15,-2.79
61.16,-2.28
61.17,-1.77
61.18,-1.25
61.19,-0.74
61.20,-0.23
61.21,0.50
61.22,1.23
61.23,1.96
61.24,2.69
61.25,3.42
61.26,1.21
61.27,-1.01
61.28,-3.22
61.29,-5.44
61.30,-7.65
61.31,-6.75
61.32,-5.86
61.33,-4.96
61.34,-4.07
61.35,-3.17
61.36,-0.26
61.37,2.66
61.38,5.57
61.39,8.49
61.40,11.40
61.41,9.43
61.42,7.46
61.43,5.50
61.44,3.53
61.45,1.56
61.46,-0.69
61.47,-2.94
61.48,-5.19
61.49,-7.44
61.50,-9.69
61.51,-7.27
61.52,-4.84
61.53,-2.42
61.54,0.01
61.55,2.43
61.56,6.21
61.57,9.98
61.58,13.76
61.59,17.53
61.60,21.31
61.61,14.10
61.62,6.89
61.63,-0.33
61.64,-7.54
61.65,-14.75
61.66,-13.45
61.67,-12.15
61.68,-10.85
61.69,-9.55
61.70,-8.25
61.71,-4.56
61.72,-0.86
61.73,2.83
61.74,6.53
61.75,10.22
61.76,8.53
61.77,6.84
61.78,5.15
61.79,3.46
61.80,1.77
61.81,1.45
61.82,1.14
61.83,0.82
61.84,0.51
61.85,0.19
61.86,-1.21
61.87,-2.61
61.88,-4.01
61.89,-5.41
61.90,-6.81
61.91,-5.02
61.92,-3.24
61.93,-1.45
61.94,0.33
61.95,2.12
61.96,3.59
61.97,5.05
61.98,6.52
61.99,7.98
62.00,9.45
62.01,6.12
62.02,2.79
62.03,-0.53
62.04,-3.86
62.05,-7.19
62.06,-7.41
62.07,-7.62
62.08,-7.84
62.09,-8.05
62.10,-8.27
62.11,-4.40
62.12,-0.53
62.13,3.35
62.14,7.22
62.15,11.09
62.16,8.41
62.17,5.74
62.18,3.06
62.19,0.39
62.20,-2.29
62.21,-3.02
62.22,-3.75
62.23,-4.48
62.24,-5.21
62.25,-5.94
62.26,-3.18
62.27,-0.42
62.28,2.34
62.29,5.10
62.30,7.86
62.31,6.36
62.32,4.87
62.33,3.37
62.34,1.88
62.35,0.38
62.36,-1.10
62.37,-2.58
62.38,-4.05
62.39,-5.53
62.40,-7.01
62.41,-5.82
62.42,-4.62
62.43,-3.43
62.44,-2.23
62.45,-1.04
62.46,0.10
62.47,1.25
62.48,2.39
62.49,3.54
62.50,4.68
62.51,3.56
62.52,2.45
62.53,1.33
62.54,0.22
62.55,-0.90
62.56,-1.99
62.57,-3.09
62.58,-4.18
62.59,-5.28
62.60,-6.37
62.61,-3.34
62.62,-0.31
62.63,2.73
62.64,5.76
62.65,8.79
62.66,7.70
62.67,6.60
62.68,5.51
62.69,4.41
62.70,3.32
62.71,0.39
62.72,-2.54
62.73,-5.48
62.74,-8.41
62.75,-11.34
62.76,-9.15
62.77,-6.95
62.78,-4.76
62.79,-2.56
62.80,-0.37
62.81,1.09
62.82,2.55
62.83,4.02
62.84,5.48
62.85,6.94
62.86,4.70
62.87,2.45
62.88,0.21
62.89,-2.04
62.90,-4.28
62.91,-4.16
62.92,-4.03
62.93,-3.91
62.94,-3.78
62.95,-3.66
62.96,-2.51
62.97,-1.35
62.98,-0.20
62.99,0.96
63.00,2.11
63.01,2.28
63.02,2.45
63.03,2.62
63.04,2.79
63.05,2.96
63.06,2.03
63.07,1.09
63.08,0.16
63.09,-0.78
63.10,-1.71
63.11,-2.44
63.12,-3.17
63.13,-3.91
63.14,-4.64
63.15,-5.37
63.16,-3.49
63.17,-1.61
63.18,0.28
63.19,2.16
63.20,4.04
63.21,3.85
63.22,3.66
63.23,3.47
63.24,3.28
63.25,3.09
63.26,1.74
63.27,0.39
63.28,-0.95
63.29,-2.30
63.30,-3.65
63.31,-2.71
63.32,-1.77
63.33,-0.84
63.34,0.10
63.35,1.04
63.36,1.57
63.37,2.11
63.38,2.64
63.39,3.18
63.40,3.71
63.41,2.33
63.42,0.96
63.43,-0.42
63.44,-1.79
63.45,-3.17
63.46,-2.82
63.47,-2.47
63.48,-2.13
63.49,-1.78
63.50,-1.43
63.51,-0.93
63.52,-0.44
63.53,0.06
63.54,0.55
63.55,1.05
63.56,0.70
63.57,0.35
63.58,0.01
63.59,-0.34
63.60,-0.69
63.61,-0.75
63.62,-0.81
63.63,-0.86
63.64,-0.92
63.65,-0.98
63.66,-0.79
63.67,-0.60
63.68,-0.40
63.69,-0.21
63.70,-0.02
63.71,-0.13
63.72,-0.24
63.73,-0.34
63.74,-0.45
63.75,-0.56
63.76,-0.29
63.77,-0.02
63.78,0.25
63.79,0.52
63.80,0.79
63.81,1.11
63.82,1.42
63.83,1.74
63.84,2.05
63.85,2.37
63.86,2.12
63.87,1.87
63.88,1.61
63.89,1.36
63.90,1.11
63.91,1.34
63.92,1.56
63.93,1.79
63.94,2.01
63.95,2.24
63.96,1.13
63.97,0.02
63.98,-1.08
63.99,-2.19
64.00,-3.30
64.01,-3.18
64.02,-3.06
64.03,-2.94
64.04,-2.82
64.05,-2.70
64.06,-1.37
64.07,-0.04
64.08,1.28
64.09,2.61
64.10,3.94
64.11,2.98
64.12,2.03
64.13,1.07
64.14,0.12
64.15,-0.84
64.16,-0.99
64.17,-1.14
64.18,-1.30
64.19,-1.45
64.20,-1.60
64.21,-1.32
64.22,-1.04
64.23,-0.76
64.24,-0.48
64.25,-0.20
64.26,-0.48
64.27,-0.77
64.28,-1.05
64.29,-1.34
64.30,-1.62
64.31,-1.14
64.32,-0.66
64.33,-0.17
64.34,0.31
64.35,0.79
64.36,0.54
64.37,0.28
64.38,0.03
64.39,-0.23
64.40,-0.48
64.41,-0.44
64.42,-0.39
64.43,-0.35
64.44,-0.30
64.45,-0.26
64.46,-0.23
64.47,-0.20
64.48,-0.17
64.49,-0.14
64.50,-0.11
64.51,0.28
64.52,0.67
64.53,1.06
64.54,1.45
64.55,1.84
64.56,2.04
64.57,2.24
64.58,2.44
64.59,2.64
64.60,2.84
64.61,1.97
64.62,1.10
64.63,0.23
64.64,-0.64
64.65,-1.51
64.66,-1.26
64.67,-1.00
64.68,-0.75
64.69,-0.49
64.70,-0.24
64.71,0.37
64.72,0.97
64.73,1.58
64.74,2.18
64.75,2.79
64.76,2.50
64.77,2.21
64.78,1.91
64.79,1.62
64.80,1.33
64.81,1.18
64.82,1.03
64.83,0.89
64.84,0.74
64.85,0.59
64.86,0.11
64.87,-0.37
64.88,-0.84
64.89,-1.32
64.90,-1.80
64.91,-1.64
64.92,-1.48
64.93,-1.33
64.94,-1.17
64.95,-1.01
64.96,-0.18
64.97,0.64
64.98,1.47
64.99,2.29
65.00,3.12
65.01,2.47
65.02,1.83
65.03,1.18
65.04,0.54
65.05,-0.11
65.06,-0.06
65.07,-0.02
65.08,0.03
65.09,0.07
65.10,0.12
65.11,-0.09
65.12,-0.30
65.13,-0.50
65.14,-0.71
65.15,-0.92
65.16,-1.24
65.17,-1.57
65.18,-1.89
65.19,-2.22
65.20,-2.54
65.21,-2.00
65.22,-1.45
65.23,-0.91
65.24,-0.36
65.25,0.18
65.26,0.08
65.27,-0.02
65.28,-0.12
65.29,-0.22
65.30,-0.32
65.31,-0.30
65.32,-0.27
65.33,-0.25
65.34,-0.22
65.35,-0.20
65.36,0.18
65.37,0.56
65.38,0.93
65.39,1.31
65.40,1.69
65.41,1.27
65.42,0.84
65.43,0.42
65.44,-0.01
65.45,-0.43
65.46,-0.33
65.47,-0.24
65.48,-0.14
65.49,-0.05
65.50,0.05
65.51,-0.00
65.52,-0.06
65.53,-0.11
65.54,-0.17
65.55,-0.22
65.56,-0.54
65.57,-0.86
65.58,-1.18
65.59,-1.50
65.60,-1.82
65.61,-1.23
65.62,-0.64
65.63,-0.04
65.64,0.55
65.65,1.14
65.66,0.57
65.67,0.01
65.68,-0.56
65.69,-1.12
65.70,-1.69
65.71,-1.67
65.72,-1.66
65.73,-1.64
65.74,-1.63
65.75,-1.61
65.76,-1.73
65.77,-1.84
65.78,-1.96
65.79,-2.07
65.80,-2.19
65.81,-1.36
65.82,-0.52
65.83,0.31
65.84,1.15
65.85,1.98
65.86,1.23
65.87,0.48
65.88,-0.27
65.89,-1.02
65.90,-1.77
65.91,-1.99
65.92,-2.21
65.93,-2.44
65.94,-2.66
65.95,-2.88
65.96,-1.48
65.97,-0.07
65.98,1.33
65.99,2.74
66.00,4.14
66.01,2.18
66.02,0.22
66.03,-1.73
66.04,-3.69
66.05,-5.65
66.06,-4.03
66.07,-2.41
66.08,-0.80
66.09,0.82
66.10,2.44
66.11,2.39
66.12,2.34
66.13,2.30
66.14,2.25
66.15,2.20
66.16,1.46
66.17,0.72
66.18,-0.03
66.19,-0.77
66.20,-1.51
66.21,-1.63
66.22,-1.75
66.23,-1.87
66.24,-1.99
66.25,-2.11
66.26,-1.86
66.27,-1.61
66.28,-1.36
66.29,-1.11
66.30,-0.86
66.31,0.23
66.32,1.33
66.33,2.42
66.34,3.52
66.35,4.61
66.36,3.31
66.37,2.02
66.38,0.72
66.39,-0.57
66.40,-1.87
66.41,-1.71
66.42,-1.55
66.43,-1.39
66.44,-1.23
66.45,-1.07
66.46,-0.73
66.47,-0.39
66.48,-0.06
66.49,0.28
66.50,0.62
66.51,1.70
66.52,2.78
66.53,3.87
66.54,4.95
66.55,6.03
66.56,4.12
66.57,2.21
66.58,0.30
66.59,-1.61
66.60,-3.52
66.61,-3.28
66.62,-3.05
66.63,-2.81
66.64,-2.58
66.65,-2.34
66.66,-0.90
66.67,0.54
66.68,1.98
66.69,3.42
66.70,4.86
66.71,3.28
66.72,1.70
66.73,0.13
66.74,-1.45
66.75,-3.03
66.76,-2.37
66.77,-1.71
66.78,-1.05
66.79,-0.39
66.80,0.27
66.81,0.29
66.82,0.32
66.83,0.34
66.84,0.37
66.85,0.39
66.86,0.60
66.87,0.81
66.88,1.01
66.89,1.22
66.90,1.43
66.91,0.93
66.92,0.43
66.93,-0.07
66.94,-0.57
66.95,-1.07
66.96,-1.17
66.97,-1.27
66.98,-1.37
66.99,-1.47
67.00,-1.57
67.01,-1.03
67.02,-0.49
67.03,0.05
67.04,0.59
67.05,1.13
67.06,1.30
67.07,1.46
67.08,1.63
67.09,1.79
67.10,1.96
67.11,1.18
67.12,0.40
67.13,-0.38
67.14,-1.16
67.15,-1.94
67.16,-2.13
67.17,-2.32
67.18,-2.51
67.19,-2.70
67.20,-2.89
67.21,-1.07
67.22,0.75
67.23,2.58
67.24,4.40
67.25,6.22
67.26,4.75
67.27,3.28
67.28,1.82
67.29,0.35
67.30,-1.12
67.31,-1.69
67.32,-2.27
67.33,-2.84
67.34,-3.42
67.35,-3.99
67.36,-2.51
67.37,-1.02
67.38,0.46
67.39,1.95
67.40,3.43
67.41,3.11
67.42,2.78
67.43,2.46
67.44,2.13
67.45,1.81
67.46,1.19
67.47,0.57
67.48,-0.06
67.49,-0.68
67.50,-1.30
67.51,-1.20
67.52,-1.10
67.53,-1.00
67.54,-0.90
67.55,-0.80
67.56,-0.15
67.57,0.49
67.58,1.14
67.59,1.78
67.60,2.43
67.61,2.33
67.62,2.22
67.63,2.12
67.64,2.01
67.65,1.91
67.66,1.06
67.67,0.21
67.68,-0.63
67.69,-1.48
67.70,-2.33
67.71,-2.04
67.72,-1.75
67.73,-1.46
67.74,-1.17
67.75,-0.88
67.76,-0.14
67.77,0.60
67.78,1.35
67.79,2.09
67.80,2.83
67.81,2.34
67.82,1.85
67.83,1.37
67.84,0.88
67.85,0.39
67.86,-0.06
67.87,-0.51
67.88,-0.97
67.89,-1.42
67.90,-1.87
67.91,-1.22
67.92,-0.57
67.93,0.08
67.94,0.73
67.95,1.38
67.96,1.15
67.97,0.91
67.98,0.68
67.99,0.44
68.00,0.21
68.01,-0.16
68.02,-0.53
68.03,-0.91
68.04,-1.28
68.05,-1.65
68.06,-1.00
68.07,-0.34
68.08,0.31
68.09,0.97
68.10,1.62
68.11,1.37
68.12,1.12
68.13,0.88
68.14,0.63
68.15,0.38
68.16,0.28
68.17,0.17
68.18,0.07
68.19,-0.04
68.20,-0.14
68.21,-0.21
68.22,-0.28
68.23,-0.36
68.24,-0.43
68.25,-0.50
68.26,-0.59
68.27,-0.69
68.28,-0.78
68.29,-0.88
68.30,-0.97
68.31,-0.30
68.32,0.37
68.33,1.03
68.34,1.70
68.35,2.37
68.36,2.40
68.37,2.43
68.38,2.47
68.39,2.50
68.40,2.53
68.41,1.70
68.42,0.88
68.43,0.05
68.44,-0.77
68.45,-1.60
68.46,-1.22
68.47,-0.84
68.48,-0.47
68.49,-0.09
68.50,0.29
68.51,1.09
68.52,1.90
68.53,2.70
68.54,3.51
68.55,4.31
68.56,3.04
68.57,1.76
68.58,0.49
68.59,-0.79
68.60,-2.06
68.61,-1.67
68.62,-1.28
68.63,-0.88
68.64,-0.49
68.65,-0.10
68.66,0.45
68.67,1.00
68.68,1.54
68.69,2.09
68.70,2.64
68.71,2.12
68.72,1.59
68.73,1.07
68.74,0.54
68.75,0.02
68.76,-0.29
68.77,-0.61
68.78,-0.92
68.79,-1.24
68.80,-1.55
68.81,-1.16
68.82,-0.77
68.83,-0.38
68.84,0.01
68.85,0.40
68.86,0.62
68.87,0.84
68.88,1.07
68.89,1.29
68.90,1.51
68.91,1.26
68.92,1.02
68.93,0.77
68.94,0.53
68.95,0.28
68.96,0.06
68.97,-0.15
68.98,-0.37
68.99,-0.58
69.00,-0.80
69.01,-1.29
69.02,-1.78
69.03,-2.26
69.04,-2.75
69.05,-3.24
69.06,-1.85
69.07,-0.46
69.08,0.93
69.09,2.32
69.10,3.71
69.11,2.98
69.12,2.25
69.13,1.51
69.14,0.78
69.15,0.05
69.16,-0.57
69.17,-1.18
69.18,-1.80
69.19,-2.41
69.20,-3.03
69.21,-2.35
69.22,-1.67
69.23,-1.00
69.24,-0.32
69.25,0.36
69.26,0.22
69.27,0.07
69.28,-0.07
69.29,-0.22
69.30,-0.36
69.31,-0.60
69.32,-0.84
69.33,-1.09
69.34,-1.33
69.35,-1.57
69.36,-1.16
69.37,-0.75
69.38,-0.33
69.39,0.08
69.40,0.49
69.41,0.55
69.42,0.62
69.43,0.68
69.44,0.75
69.45,0.81
69.46,0.26
69.47,-0.28
69.48,-0.83
69.49,-1.37
69.50,-1.92
69.51,-1.74
69.52,-1.56
69.53,-1.39
69.54,-1.21
69.55,-1.03
69.56,-0.97
69.57,-0.91
69.58,-0.84
69.59,-0.78
69.60,-0.72
69.61,-0.52
69.62,-0.31
69.63,-0.11
69.64,0.10
69.65,0.30
69.66,0.12
69.67,-0.06
69.68,-0.24
69.69,-0.42
69.70,-0.60
69.71,-0.21
69.72,0.18
69.73,0.58
69.74,0.97
69.75,1.36
69.76,0.93
69.77,0.49
69.78,0.06
69.79,-0.38
69.80,-0.81
69.81,-1.00
69.82,-1.18
69.83,-1.37
69.84,-1.55
69.85,-1.74
69.86,-1.53
69.87,-1.33
69.88,-1.12
69.89,-0.92
69.90,-0.71
69.91,-0.39
69.92,-0.08
69.93,0.24
69.94,0.55
69.95,0.87
69.96,0.72
69.97,0.57
69.98,0.43
69.99,0.28
70.00,0.13